step:,cumulative_err:,CTE:,Steering:,Speed:,throttle:,sim_throttle:
1,0.577296,0.7598,-2.89502,5.256,0.5,0
2,1.15474,0.7599,-0.0463337,6.57,0.5,0
3,1.73189,0.7597,-0.0453791,4.8663,0.5,0.5
4,2.30903,0.7597,-0.0463114,3.1872,0.5,0.5
5,2.88618,0.7597,-0.0464937,1.6759,0.5,0.5
6,3.46317,0.7596,-0.046295,1.225,0.5,0.5
7,4.04001,0.7595,-0.0464713,1.7518,0.5,0.5
8,4.6167,0.7594,-0.0466476,1.7243,0.5,0.5
9,5.19323,0.7593,-0.0468238,1.3349,0.5,0.5
10,5.76962,0.7592,-0.047,1.0922,0.5,0.5
11,6.34585,0.7591,-0.0471762,0.8641,0.5,0.5
12,6.92178,0.7589,-0.0469713,0.6408,0.5,0.5
13,7.49756,0.7588,-0.0475224,0.6768,0.5,0.5
14,8.07318,0.7587,-0.0476985,0.755,0.5,0.5
15,8.64805,0.7582,-0.0463505,0.9666,0.5,0.5
16,9.22246,0.7579,-0.0472644,1.0198,0.5,0.5
17,9.79657,0.7577,-0.0478092,1.0789,0.5,0.5
18,10.3693,0.7568,-0.0453119,1.2315,0.5,0.5
19,10.941,0.7561,-0.0462013,1.4921,0.5,0.5
20,11.5122,0.7558,-0.0478647,1.5317,0.5,0.5
21,12.0826,0.7552,-0.046885,1.6515,0.5,0.5
22,12.6515,0.7543,-0.045887,1.8971,0.5,0.5
23,13.2175,0.7523,-0.0418225,2.2826,0.5,0.5
24,13.7815,0.751,-0.0445498,2.5043,0.5,0.5
25,14.344,0.75,-0.0457948,2.671,0.5,0.5
26,14.9057,0.7495,-0.0478197,2.7558,0.5,0.5
27,15.4667,0.749,-0.0479694,2.8548,0.5,0.5
28,16.0259,0.7478,-0.0454519,3.0729,0.5,0.5
29,16.5823,0.7459,-0.0428919,3.3431,0.5,0.5
30,17.1356,0.7438,-0.0421944,3.6815,0.5,0.5
31,17.6854,0.7415,-0.0414844,4.009,0.5,0.5
32,18.2303,0.7382,-0.0377136,4.462,0.5,0.5
33,18.7711,0.7354,-0.039597,4.7978,0.5,0.5
34,19.309,0.7334,-0.0426531,5.0207,0.5,0.5
35,19.8422,0.7302,-0.0381363,5.3535,0.5,0.5
36,20.3738,0.7291,-0.0461203,5.464,0.5,0.5
37,20.8984,0.7243,-0.0321311,5.9037,0.5,0.5
38,21.4213,0.7231,-0.0457327,6.0131,0.5,0.5
39,21.9365,0.7178,-0.0302119,6.4484,0.5,0.5
40,22.4497,0.7164,-0.0449249,6.5566,0.5,0.5
41,22.9568,0.7121,-0.0339628,6.8801,0.5,0.5
42,23.4618,0.7106,-0.0445433,6.9874,0.5,0.5
43,23.9578,0.7043,-0.0263344,7.4147,0.5,0.5
44,24.4515,0.7026,-0.043651,7.521,0.5,0.5
45,24.9378,0.6974,-0.0303814,7.8385,0.5,0.5
46,25.4164,0.6918,-0.0287114,8.1539,0.5,0.5
47,25.8869,0.6859,-0.027397,8.4676,0.5,0.5
48,26.3505,0.6809,-0.0306354,8.7792,0.5,0.5
49,26.8138,0.6807,-0.0487868,9.089,0.5,0.5
50,27.2835,0.6853,-0.0672273,9.2944,0.5,0.5
51,27.7592,0.6897,-0.0669068,9.3967,0.5,0.5
52,28.2243,0.682,-0.0212335,9.702,0.5,0.5
53,28.6896,0.6821,-0.0506532,10.0058,0.5,0.5
54,29.16,0.6859,-0.0649208,10.3077,0.5,0.5
55,29.6383,0.6916,-0.0725538,10.6079,0.5,0.5
56,30.1195,0.6937,-0.0593463,10.7074,0.5,0.5
57,30.6105,0.7007,-0.0783094,11.1035,0.5,0.5
58,31.108,0.7053,-0.0697547,11.3207,0.5,0.5
59,31.6074,0.7067,-0.0580083,11.6687,0.5,0.5
60,32.1085,0.7079,-0.0575002,11.2052,0.5,0.5
61,32.6165,0.7127,-0.0714593,11.8214,0.5,0.5
62,33.1288,0.7158,-0.065442,12.3292,0.5,0.5
63,33.6444,0.718,-0.0623714,12.4324,0.5,0.5
64,34.1616,0.7192,-0.058866,12.7919,0.5,0.5
65,34.6799,0.7199,-0.0572058,12.8176,0.5,0.5
66,35.198,0.7198,-0.0543725,13.5687,0.5,0.5
67,35.7148,0.7189,-0.051491,13.5466,0.5,0.5
68,36.2305,0.7181,-0.0519904,13.6935,0.5,0.5
69,36.7454,0.7176,-0.0532576,13.9368,0.5,0.5
70,37.2561,0.7146,-0.0438741,14.1824,0.5,0.5
71,37.762,0.7113,-0.0427218,14.5284,0.5,0.5
72,38.2662,0.7101,-0.0506952,14.7098,0.5,0.5
73,38.765,0.7062,-0.0405057,14.8648,0.5,0.5
74,39.2569,0.7014,-0.0370111,15.3665,0.5,0.5
75,39.7413,0.696,-0.0346041,15.4498,0.5,0.5
76,40.2174,0.69,-0.0321597,15.7975,0.5,0.5
77,40.6849,0.6837,-0.0308208,15.9662,0.5,0.5
78,41.1493,0.6815,-0.0462274,16.1665,0.5,0.5
79,41.6046,0.6747,-0.0287313,16.3533,0.5,0.5
80,42.0493,0.6669,-0.0246733,16.7139,0.5,0.5
81,42.4905,0.6642,-0.0437958,16.6636,0.5,0.5
82,42.917,0.6531,-0.0117865,17.0254,0.5,0.5
83,43.3396,0.6501,-0.0421375,17.1895,0.5,0.5
84,43.7586,0.6473,-0.0428749,17.1831,0.5,0.5
85,44.1653,0.6377,-0.0169519,17.5282,0.5,0.5
86,44.5587,0.6272,-0.0130974,17.7346,0.5,0.5
87,44.9474,0.6235,-0.0385251,17.8639,0.5,0.5
88,45.3188,0.6094,0.00117466,18.1948,0.5,0.5
89,45.6858,0.6058,-0.0381297,18.2453,0.5,0.5
90,46.0486,0.6023,-0.0384393,18.3604,0.5,0.5
91,46.3978,0.591,-0.00865313,18.5896,0.5,0.5
92,46.7423,0.5869,-0.035548,18.6898,0.5,0.5
93,47.0731,0.5752,-0.00648403,18.9273,0.5,0.5
94,47.39,0.5629,-0.00363113,19.1829,0.5,0.5
95,47.6976,0.5546,-0.0182662,19.3472,0.5,0.5
96,47.9965,0.5467,-0.0194234,19.5101,0.5,0.5
97,48.291,0.5427,-0.0339387,19.5887,0.5,0.5
98,48.5724,0.5305,-0.00258401,19.8347,0.5,0.5
99,48.8356,0.513,0.0182179,20.1583,0.5,0.5
100,49.0855,0.4999,0.0023839,20.3971,0.5,0.5
101,49.3204,0.4847,0.0110546,20.717,0.5,0.5
102,49.552,0.4812,-0.0327259,20.7928,0.5,0.5
103,49.7745,0.4717,-0.00976913,21.0349,0.5,0.5
104,49.991,0.4653,-0.0211218,21.1921,0.5,0.5
105,50.1928,0.4492,0.0161114,21.5754,0.5,0.5
106,50.3859,0.4395,-0.00741209,21.8135,0.5,0.5
107,50.5764,0.4364,-0.0320808,21.8837,0.5,0.5
108,50.7592,0.4276,-0.0102804,22.1204,0.5,0.5
109,50.936,0.4205,-0.0163304,22.3406,0.5,0.5
110,51.1154,0.4235,-0.054487,22.6425,0.5,0.5
111,51.3052,0.4357,-0.0898236,22.8713,0.5,0.5
112,51.5001,0.4415,-0.0662775,22.9409,0.5,0.5
113,51.7061,0.4538,-0.0914994,23.0868,0.5,0.5
114,51.9224,0.4651,-0.0885391,23.2343,0.5,0.5
115,52.1519,0.4791,-0.0996191,23.4537,0.5,0.5
116,52.3851,0.4829,-0.061713,23.5258,0.5,0.5
117,52.6216,0.4863,-0.0605337,23.5982,0.5,0.5
118,52.861,0.4893,-0.0593311,23.6711,0.5,0.5
119,53.1032,0.4921,-0.0588672,23.7434,0.5,0.5
120,53.3521,0.4989,-0.0743949,23.9611,0.5,0.5
121,53.6041,0.502,-0.0608264,24.1051,0.5,0.5
122,53.8582,0.5041,-0.0573234,24.3185,0.5,0.5
123,54.1122,0.504,-0.0491884,24.3907,0.5,0.5
124,54.3644,0.5022,-0.0428259,24.6029,0.5,0.5
125,54.6124,0.498,-0.0336934,24.8153,0.5,0.5
126,54.8543,0.4918,-0.0259394,25.0253,0.5,0.5
127,55.0912,0.4867,-0.0298752,25.1649,0.5,0.5
128,55.3253,0.4839,-0.0384484,25.2346,0.5,0.5
129,55.5508,0.4748,-0.0143913,25.4422,0.5,0.5
130,55.773,0.4714,-0.0356755,25.5113,0.5,0.5
131,55.9713,0.4453,0.0509087,25.9897,0.5,0.5
132,56.1617,0.4364,-0.0131621,26.1251,0.5,0.5
133,56.3428,0.4255,-0.0051102,26.323,0.5,0.5
134,56.5157,0.4158,-0.00912799,26.5235,0.5,0.5
135,56.681,0.4066,-0.0105486,26.7233,0.5,0.5
136,56.8439,0.4036,-0.0337154,26.7895,0.5,0.5
137,57.0021,0.3978,-0.0229629,26.9217,0.5,0.5
138,57.1531,0.3885,-0.00937315,27.1186,0.5,0.5
139,57.2965,0.3787,-0.00700104,27.3146,0.5,0.5
140,57.435,0.3722,-0.0190754,27.4445,0.5,0.5
141,57.5689,0.3659,-0.0195352,27.5739,0.5,0.5
142,57.6983,0.3597,-0.0196245,27.7028,0.5,0.5
143,57.8254,0.3565,-0.0307681,27.7671,0.5,0.5
144,57.9458,0.347,-0.00665635,27.959,0.5,0.5
145,58.052,0.326,0.0376504,28.3392,0.5,0.5
146,58.1491,0.3115,0.0140706,28.59,0.5,0.5
147,58.2409,0.3031,-0.0083731,28.7746,0.5,0.5
148,58.3323,0.3022,-0.0365166,29.0216,0.5,0.5
149,58.426,0.3062,-0.0552051,29.083,0.5,0.5
150,58.5319,0.3254,-0.113435,29.2662,0.5,0.5
151,58.6587,0.3561,-0.158488,29.4475,0.5,0.5
152,58.7993,0.375,-0.115462,29.5638,0.5,0.5
153,58.9461,0.3831,-0.0755396,29.62,0.5,0.5
154,59.1084,0.4028,-0.120318,29.7956,0.5,0.5
155,59.2854,0.4208,-0.115124,30.0344,0.5,0.5
156,59.4673,0.4265,-0.0694436,30.209,0.5,0.5
157,59.6493,0.4266,-0.048552,30.2673,0.5,0.5
158,59.8309,0.4261,-0.0463743,30.3263,0.5,0.5
159,60.0067,0.4193,-0.0224419,30.5613,0.5,0.5
160,60.1742,0.4093,-0.00994015,30.7362,0.5,0.5
161,60.3385,0.4053,-0.0322974,30.7942,0.5,0.5
162,60.4922,0.392,0.0032815,30.9668,0.5,0.5
163,60.6296,0.3708,0.0340895,31.1961,0.5,0.5
164,60.7629,0.365,-0.0234001,31.2529,0.5,0.5
165,60.8847,0.349,0.0157261,31.4206,0.5,0.5
166,61.0028,0.3437,-0.0241633,31.4769,0.5,0.5
167,61.111,0.329,0.0118897,31.6453,0.5,0.5
168,61.2099,0.3144,0.0123152,31.8129,0.5,0.5
169,61.3057,0.3096,-0.0242211,31.8685,0.5,0.5
170,61.3936,0.2964,0.0079998,32.0346,0.5,0.5
171,61.4741,0.2837,0.00681871,32.1998,0.5,0.5
172,61.5501,0.2757,-0.0103925,32.3094,0.5,0.5
173,61.6205,0.2653,-0.000832128,32.4729,0.5,0.5
174,61.6846,0.2532,0.0062081,32.6897,0.5,0.5
175,61.745,0.2457,-0.0106509,32.8511,0.5,0.5
176,61.8028,0.2405,-0.0190216,33.0113,0.5,0.5
177,61.8655,0.2505,-0.0766817,33.1707,0.5,0.5
178,61.9443,0.2806,-0.15393,33.3291,0.5,0.5
179,62.0708,0.3557,-0.327271,33.6376,0.5,0.5
180,62.2048,0.3661,-0.0853583,33.6856,0.5,0.5
181,62.3473,0.3775,-0.0898829,33.8367,0.5,0.5
182,62.4767,0.3596,0.0209798,33.9902,0.5,0.5
183,62.5931,0.3413,0.0234959,34.0936,0.5,0.5
184,62.6891,0.3097,0.0751926,34.2383,0.5,0.5
185,62.7586,0.2638,0.131508,34.4347,0.5,0.5
186,62.8223,0.2524,0.00275669,34.4821,0.5,0.5
187,62.8762,0.2321,0.037294,34.568,0.5,0.5
188,62.9257,0.2224,-0.00192739,34.6167,0.5,0.5
189,62.9672,0.2038,0.0325147,34.716,0.5,0.5
190,63.0051,0.1947,-0.00261103,34.7656,0.5,0.5
191,63.0367,0.1776,0.0283723,34.8642,0.5,0.5
192,63.0653,0.1693,-0.00417029,34.9136,0.5,0.5
193,63.089,0.1538,0.0237228,35.0118,0.5,0.5
194,63.1084,0.1393,0.0208094,35.1098,0.5,0.5
195,63.1259,0.1325,-0.00768943,35.1586,0.5,0.5
196,63.1418,0.126,-0.00845467,35.2072,0.5,0.5
197,63.1523,0.1023,0.0574428,35.4014,0.5,0.5
198,63.1617,0.0969,-0.0108815,35.4497,0.5,0.5
199,63.1684,0.0821,0.0252368,35.6379,0.5,0.5
200,63.1748,0.0798,-0.0215193,35.6856,0.5,0.5
201,63.1807,0.0768,-0.0187328,35.7807,0.5,0.5
202,63.1863,0.075,-0.0231428,35.8753,0.5,0.5
203,63.1919,0.0745,-0.0280056,35.9226,0.5,0.5
204,63.1973,0.074,-0.0279934,36.0637,0.5,0.5
205,63.2028,0.0741,-0.0302672,36.1105,0.5,0.5
206,63.2088,0.0775,-0.0428648,36.2505,0.5,0.5
207,63.2176,0.0935,-0.0910972,36.3433,0.5,0.5
208,63.2276,0.1,-0.0558862,36.3895,0.5,0.5
209,63.2398,0.1105,-0.0715428,36.4344,0.5,0.5
210,63.2589,0.1381,-0.137357,36.5257,0.5,0.5
211,63.2821,0.1524,-0.0883765,36.571,0.5,0.5
212,63.3139,0.1783,-0.133473,36.6557,0.5,0.5
213,63.35,0.1901,-0.0813519,36.7003,0.5,0.5
214,63.3903,0.2008,-0.0779171,36.7439,0.5,0.5
215,63.4348,0.2109,-0.0763237,36.7885,0.5,0.5
216,63.4872,0.2288,-0.106703,36.8789,0.5,0.5
217,63.5465,0.2437,-0.0964051,36.969,0.5,0.5
218,63.6089,0.2498,-0.063831,37.0132,0.5,0.5
219,63.676,0.259,-0.0760702,37.1018,0.5,0.5
220,63.7449,0.2624,-0.0545872,37.1466,0.5,0.5
221,63.815,0.2648,-0.0510447,37.1912,0.5,0.5
222,63.8834,0.2615,-0.0295345,37.5018,0.5,0.5
223,63.95,0.2581,-0.0290174,37.5457,0.5,0.5
224,64.0146,0.2541,-0.0265884,37.5897,0.5,0.5
225,64.0744,0.2446,-0.00545213,37.6771,0.5,0.5
226,64.1316,0.2392,-0.0205605,37.7207,0.5,0.5
227,64.1861,0.2334,-0.0187686,37.7641,0.5,0.5
228,64.2377,0.2271,-0.0165701,37.8074,0.5,0.5
229,64.2772,0.1988,0.0675802,37.9801,0.5,0.5
230,64.3076,0.1745,0.0539964,38.1086,0.5,0.5
231,64.3354,0.1665,-0.00668861,38.1494,0.5,0.5
232,64.3584,0.1517,0.019663,38.2312,0.5,0.5
233,64.3792,0.1445,-0.0084397,38.2733,0.5,0.5
234,64.3982,0.1376,-0.00918372,38.3156,0.5,0.5
235,64.4135,0.1238,0.0174896,38.3999,0.5,0.5
236,64.4229,0.0971,0.0674433,38.5676,0.5,0.5
237,64.4301,0.0848,0.0141609,38.6505,0.5,0.5
238,64.4352,0.0712,0.0198348,38.7704,0.5,0.5
239,64.4398,0.0679,-0.0186085,38.8114,0.5,0.5
240,64.4434,0.0598,-0.000136824,38.9756,0.5,0.5
241,64.4467,0.0577,-0.0225247,39.1383,0.5,0.5
242,64.4502,0.059,-0.0353668,39.1788,0.5,0.5
243,64.4545,0.0653,-0.0545105,39.2193,0.5,0.5
244,64.4636,0.0954,-0.145589,39.2995,0.5,0.5
245,64.4746,0.1053,-0.0704587,39.3392,0.5,0.5
246,64.4981,0.1533,-0.21625,39.409,0.5,0.5
247,64.5303,0.1792,-0.134972,39.4476,0.5,0.5
248,64.5814,0.2261,-0.216591,39.5065,0.5,0.5
249,64.6426,0.2474,-0.121928,39.5428,0.5,0.5
250,64.7138,0.2668,-0.116031,39.5753,0.5,0.5
251,64.8047,0.3015,-0.175561,39.6514,0.5,0.5
252,64.905,0.3168,-0.103805,39.6902,0.5,0.5
253,65.0218,0.3417,-0.141381,39.7621,0.5,0.5
254,65.1456,0.3518,-0.086571,39.8008,0.5,0.5
255,65.2752,0.36,-0.0800244,39.839,0.5,0.5
256,65.4137,0.3722,-0.0958457,39.9173,0.5,0.5
257,65.5581,0.38,-0.0799049,40.0344,0.5,0.5
258,65.6779,0.3461,0.078421,40.3022,0.5,0.5
259,65.7902,0.3352,-0.00725542,40.3404,0.5,0.5
260,65.8953,0.3241,-0.0059172,40.3742,0.5,0.5
261,65.9774,0.2865,0.095645,40.4856,0.5,0.5
262,66.044,0.2582,0.0624061,40.5608,0.5,0.5
263,66.1036,0.2441,0.00994349,40.5945,0.5,0.5
264,66.1447,0.2027,0.114754,40.7003,0.5,0.5
265,66.1805,0.1892,0.0108934,40.7372,0.5,0.5
266,66.2076,0.1647,0.0535739,40.8034,0.5,0.5
267,66.2311,0.1532,0.00547714,40.8396,0.5,0.5
268,66.2485,0.132,0.0430925,40.9125,0.5,0.5
269,66.2634,0.122,0.00166318,40.9493,0.5,0.5
270,66.2742,0.1041,0.0323372,41.0221,0.5,0.5
271,66.2834,0.0958,-0.0031878,41.0587,0.5,0.5
272,66.2912,0.0882,-0.00537797,41.0951,0.5,0.5
273,66.2971,0.0766,0.0102996,41.168,0.5,0.5
274,66.3028,0.0761,-0.0313136,41.2043,0.5,0.5
275,66.3092,0.0795,-0.0461617,41.2767,0.5,0.5
276,66.3166,0.0862,-0.0589594,41.3126,0.5,0.5
277,66.3253,0.0935,-0.0616698,41.3481,0.5,0.5
278,66.337,0.1079,-0.0891847,41.4181,0.5,0.5
279,66.3502,0.1149,-0.0618823,41.4532,0.5,0.5
280,66.3665,0.1276,-0.0840499,41.5214,0.5,0.5
281,66.3843,0.1334,-0.0585549,41.5562,0.5,0.5
282,66.4035,0.1387,-0.0570312,41.5909,0.5,0.5
283,66.4254,0.148,-0.0726247,41.661,0.5,0.5
284,66.4485,0.1521,-0.0534072,41.6961,0.5,0.5
285,66.4737,0.1585,-0.0624543,41.7655,0.5,0.5
286,66.4995,0.1608,-0.0472559,41.8004,0.5,0.5
287,66.526,0.1626,-0.0455279,41.8353,0.5,0.5
288,66.5529,0.164,-0.0441513,41.8701,0.5,0.5
289,66.5801,0.1651,-0.0431319,41.9398,0.5,0.5
290,66.6073,0.1649,-0.0382845,41.9745,0.5,0.5
291,66.6343,0.1642,-0.0364069,42.0091,0.5,0.5
292,66.6603,0.1613,-0.0280216,42.0783,0.5,0.5
293,66.6856,0.1592,-0.0309338,42.1127,0.5,0.5
294,66.7102,0.1566,-0.0289404,42.1471,0.5,0.5
295,66.7327,0.1503,-0.0147234,42.2157,0.5,0.5
296,66.7542,0.1465,-0.0239056,42.2498,0.5,0.5
297,66.7745,0.1424,-0.0225688,42.2839,0.5,0.5
298,66.7935,0.138,-0.0212129,42.3179,0.5,0.5
299,66.81,0.1283,-0.000786696,42.3857,0.5,0.5
300,66.8251,0.1229,-0.0166172,42.4195,0.5,0.5
301,66.8389,0.1174,-0.0159404,42.4532,0.5,0.5
302,66.8514,0.1117,-0.0148752,42.4868,0.5,0.5
303,66.8625,0.1058,-0.0137966,42.5204,0.5,0.5
304,66.8701,0.087,0.0356856,42.6207,0.5,0.5
305,66.8766,0.0804,-0.00968774,42.654,0.5,0.5
306,66.8812,0.068,0.0127899,42.7188,0.5,0.5
307,66.8859,0.0683,-0.0348695,42.7518,0.5,0.5
308,66.8967,-0.1041,0.623125,42.7847,0.5,0.5
309,66.9071,0.1018,-0.807879,42.8502,0.5,0.5
310,66.922,0.122,-0.112745,42.8275,0.5,0.5
311,66.9433,0.1461,-0.128851,42.7766,0.5,0.5
312,66.9809,0.1938,-0.22026,42.781,0.5,0.5
313,67.0276,0.2162,-0.126781,42.8096,0.5,0.5
314,67.0837,0.2368,-0.121323,42.8312,0.5,0.5
315,67.1493,0.2562,-0.118049,42.8591,0.5,0.5
316,67.2245,0.2743,-0.114326,42.8902,0.5,0.5
317,67.3186,0.3066,-0.169587,42.9525,0.5,0.5
318,67.4373,0.3446,-0.193325,43.0468,0.5,0.5
319,67.5625,0.3538,-0.085962,43.0754,0.5,0.5
320,67.6927,0.3608,-0.0782186,43.1019,0.5,0.5
321,67.8268,0.3663,-0.0730115,43.1332,0.5,0.5
322,67.9639,0.3702,-0.0673344,43.1657,0.5,0.5
323,68.1035,0.3737,-0.066134,43.2303,0.5,0.5
324,68.243,0.3734,-0.0519557,43.2625,0.5,0.5
325,68.381,0.3716,-0.0463118,43.2947,0.5,0.5
326,68.5169,0.3686,-0.0417203,43.3268,0.5,0.5
327,68.6456,0.3588,-0.0157184,43.3907,0.5,0.5
328,68.7697,0.3522,-0.0274069,43.4226,0.5,0.5
329,68.8766,0.327,0.0437766,43.5172,0.5,0.5
330,68.9631,0.2941,0.074555,43.6115,0.5,0.5
331,69.0296,0.2578,0.0894211,43.701,0.5,0.5
332,69.0845,0.2343,0.0427749,43.7583,0.5,0.5
333,69.1344,0.2234,-0.00387473,43.7865,0.5,0.5
334,69.1797,0.2128,-0.0044148,43.8162,0.5,0.5
335,69.2206,0.2023,-0.00420835,43.8469,0.5,0.5
336,69.2574,0.1918,-0.00362438,43.8776,0.5,0.5
337,69.2867,0.1712,0.0354455,43.9389,0.5,0.5
338,69.3126,0.1611,-0.00336214,43.9694,0.5,0.5
339,69.3305,0.1336,0.0635058,44.0595,0.5,0.5
340,69.3462,0.1252,-0.00764525,44.0898,0.5,0.5
341,69.36,0.1175,-0.00983645,44.1191,0.5,0.5
342,69.3721,0.1103,-0.0113059,44.149,0.5,0.5
343,69.3803,0.0903,0.0378724,44.2391,0.5,0.5
344,69.3849,0.0678,0.0485811,44.3585,0.5,0.5
345,69.3889,0.0632,-0.018283,44.3877,0.5,0.5
346,69.3921,0.0564,-0.00963857,44.4451,0.5,0.5
347,69.3949,0.0537,-0.0248645,44.4745,0.5,0.5
348,69.4064,0.1068,-0.237326,44.5627,0.5,0.5
349,69.4413,0.187,-0.343808,44.6792,0.5,0.5
350,69.4933,0.2279,-0.198942,44.6935,0.5,0.5
351,69.5641,0.2661,-0.191173,44.689,0.5,0.5
352,69.6556,0.3026,-0.18706,44.703,0.5,0.5
353,69.7925,0.3699,-0.306687,44.7483,0.5,0.5
354,69.9529,0.4005,-0.170994,44.772,0.5,0.5
355,70.1359,0.4278,-0.16036,44.7829,0.5,0.5
356,70.3813,0.4954,-0.31566,44.8587,0.5,0.5
357,70.6732,0.5403,-0.233358,44.9398,0.5,0.5
358,70.9783,0.5523,-0.110836,44.9734,0.5,0.5
359,71.2786,0.548,-0.0495844,44.9954,0.5,0.5
360,71.5708,0.5406,-0.0376451,45.0244,0.5,0.5
361,71.8392,0.5181,0.0202056,45.0816,0.5,0.5
362,72.0925,0.5033,-0.00790224,45.1099,0.5,0.5
363,72.3121,0.4686,0.0686923,45.1619,0.5,0.5
364,72.5135,0.4487,0.0142786,45.189,0.5,0.5
365,72.6608,0.3838,0.18683,45.2614,0.5,0.5
366,72.774,0.3365,0.123588,45.3154,0.5,0.5
367,72.872,0.3131,0.0352916,45.3313,0.5,0.5
368,72.958,0.2932,0.0232902,45.3507,0.5,0.5
369,73.0366,0.2804,-0.00263407,45.3769,0.5,0.5
370,73.1119,0.2744,-0.0278399,45.4315,0.5,0.5
371,73.1878,0.2755,-0.054597,45.4588,0.5,0.5
372,73.2642,0.2764,-0.0539674,45.4857,0.5,0.5
373,73.3402,0.2756,-0.0476105,45.5642,0.5,0.5
374,73.4143,0.2722,-0.0377219,45.6169,0.5,0.5
375,73.487,0.2697,-0.0410116,45.6434,0.5,0.5
376,73.5581,0.2667,-0.0390206,45.6702,0.5,0.5
377,73.6253,0.2591,-0.0213768,45.7236,0.5,0.5
378,73.6901,0.2546,-0.0327929,45.7503,0.5,0.5
379,73.7471,0.2387,0.0108538,45.8304,0.5,0.5
380,73.792,0.2119,0.053286,45.9364,0.5,0.5
381,73.8279,0.1895,0.0380845,46.0148,0.5,0.5
382,73.8611,0.1824,-0.0189083,46.04,0.5,0.5
383,73.8919,0.1755,-0.0192864,46.0653,0.5,0.5
384,73.9159,0.1548,0.0336684,46.1433,0.5,0.5
385,73.9353,0.1393,0.015065,46.221,0.5,0.5
386,73.9818,0.2157,-0.334196,46.2966,0.5,0.5
387,74.1043,0.3499,-0.559082,46.373,0.5,0.5
388,74.3282,0.4732,-0.525718,46.3481,0.5,0.5
389,74.6151,0.5356,-0.301216,46.2636,0.5,0.5
390,74.9464,0.5756,-0.219754,46.19,0.5,0.5
391,75.2918,0.5877,-0.115996,46.1972,0.5,0.5
392,75.6465,0.5956,-0.100863,46.2215,0.5,0.5
393,76.0065,0.6,-0.088146,46.2487,0.5,0.5
394,76.3646,0.5984,-0.0656936,46.3024,0.5,0.5
395,76.6913,0.5716,0.0302772,46.3821,0.5,0.5
396,77.0011,0.5566,-0.0132064,46.4086,0.5,0.5
397,77.2512,0.5001,0.145689,46.477,0.5,0.5
398,77.4793,0.4776,0.019424,46.5015,0.5,0.5
399,77.6463,0.4086,0.197841,46.5456,0.5,0.5
400,77.7589,0.3356,0.21714,46.6178,0.5,0.5
401,77.8309,0.2683,0.199739,46.6559,0.5,0.5
402,77.8785,0.2183,0.137812,46.6954,0.5,0.5
403,77.9212,0.2066,-0.00516098,46.7122,0.5,0.5
404,77.9573,0.19,0.0141644,46.757,0.5,0.5
405,77.9912,0.1842,-0.0260318,46.7807,0.5,0.5
406,78.0236,0.1798,-0.0310609,46.8047,0.5,0.5
407,78.0548,0.1766,-0.0354113,46.8281,0.5,0.5
408,78.0847,0.1731,-0.0341179,46.8743,0.5,0.5
409,78.1145,0.1727,-0.0457603,46.8977,0.5,0.5
410,78.1445,0.1731,-0.0488259,46.9212,0.5,0.5
411,78.1749,0.1742,-0.0515587,46.9446,0.5,0.5
412,78.2058,0.1758,-0.0535719,46.9679,0.5,0.5
413,78.2374,0.1779,-0.0556156,46.9912,0.5,0.5
414,78.2721,0.1863,-0.0797893,47.0617,0.5,0.5
415,78.3107,0.1964,-0.0868174,47.1321,0.5,0.5
416,78.3617,0.2258,-0.161011,47.178,0.5,0.5
417,78.4457,0.2899,-0.295051,47.2007,0.5,0.5
418,78.5694,0.3517,-0.290219,47.2561,0.5,0.5
419,78.7594,0.4359,-0.379375,47.2627,0.5,0.5
420,79.0482,0.5374,-0.450469,47.2844,0.5,0.5
421,79.3885,0.5833,-0.244863,47.277,0.5,0.5
422,79.7458,0.5978,-0.128127,47.2628,0.5,0.5
423,80.1152,0.6078,-0.111998,47.2766,0.5,0.5
424,80.4922,0.614,-0.0982669,47.3015,0.5,0.5
425,80.8723,0.6165,-0.0846898,47.3262,0.5,0.5
426,81.246,0.6113,-0.0556495,47.3754,0.5,0.5
427,81.581,0.5788,0.0485365,47.4482,0.5,0.5
428,81.8047,0.473,0.329646,47.5669,0.5,0.5
429,82.073,0.5179,-0.238297,47.6284,0.5,0.5
430,82.3749,0.5495,-0.19045,47.6168,0.5,0.5
431,82.796,0.6489,-0.45082,47.7276,0.5,0.5
432,83.193,0.6301,-0.00659311,47.7467,0.5,0.5
433,83.5588,0.6048,0.0191547,47.7293,0.5,0.5
434,83.891,0.5764,0.0323454,47.7427,0.5,0.5
435,84.1525,0.5113,0.173754,47.7828,0.5,0.5
436,84.3784,0.4753,0.0666746,47.8028,0.5,0.5
437,84.5104,0.3633,0.358307,47.8234,0.5,0.5
438,84.6158,0.3248,0.0849145,47.841,0.5,0.5
439,84.6652,0.2221,0.331773,47.7889,0.5,0.5
440,84.6914,0.1619,0.175971,47.825,0.5,0.5
441,84.7168,0.1593,-0.0399109,47.8156,0.5,0.5
442,84.7637,0.2167,-0.268407,47.8318,0.5,0.5
443,84.8415,0.2789,-0.290206,47.8503,0.5,0.5
444,85.054,0.461,-0.750868,47.8117,0.5,0.5
445,85.3841,0.5745,-0.500565,47.7933,0.5,0.5
446,85.777,0.6268,-0.274354,47.7545,0.5,0.5
447,86.2326,0.675,-0.262033,47.6782,0.5,0.5
448,86.8721,0.7997,-0.556582,47.6931,0.5,0.5
449,87.6195,0.8645,-0.336052,47.7184,0.5,0.5
450,88.4591,0.9163,-0.29063,47.6003,0.5,0.5
451,89.2597,0.8948,-0.0146799,47.641,0.5,0.5
452,90.0517,0.8899,-0.0768495,47.6957,0.5,0.5
453,90.9023,0.9223,-0.21889,47.7792,0.5,0.5
454,91.7504,0.9209,-0.0922768,47.802,0.5,0.5
455,92.5867,0.9145,-0.0733623,47.8191,0.5,0.5
456,93.3779,0.8895,-0.00232579,47.865,0.5,0.5
457,94.0104,0.7953,0.262635,47.9566,0.5,0.5
458,94.4906,0.693,0.298982,48.0227,0.5,0.5
459,94.9214,0.6563,0.0550265,48.021,0.5,0.5
460,95.2644,0.5857,0.186247,47.9968,0.5,0.5
461,95.5676,0.5506,0.0550958,48.011,0.5,0.5
462,95.7714,0.4515,0.300933,48.0523,0.5,0.5
463,95.9481,0.4203,0.0480796,48.0722,0.5,0.5
464,96.0548,0.3267,0.287617,48.0775,0.5,0.5
465,96.136,0.2849,0.0958068,48.1396,0.5,0.5
466,96.2114,0.2746,-0.0217661,48.1568,0.5,0.5
467,96.2939,0.2872,-0.108466,48.1769,0.5,0.5
468,96.7045,0.6408,-1.40859,48.2566,0.5,0.5
469,97.7266,1.011,-1.49329,48.3042,0.5,0.5
470,99.6112,1.3728,-1.48383,48.0746,0.5,0.5
471,101.825,1.4879,-0.565966,47.9723,0.5,0.5
472,105.096,1.8087,-1.35702,47.6774,0.5,0.5
473,109.417,2.0786,-1.18284,47.5,0.5,0.5
474,114.058,2.1544,-0.460031,47.4491,0.5,0.5
475,118.995,2.2219,-0.433489,47.3486,0.5,0.5
476,124.652,2.3784,-0.7772,47.3023,0.5,0.5
477,130.616,2.4421,-0.433608,47.3171,0.5,0.5
478,136.664,2.4593,-0.260855,47.2664,0.5,0.5
479,142.756,2.4682,-0.230857,47.2706,0.5,0.5
480,148.928,2.4844,-0.2598,47.3236,0.5,0.5
481,155.192,2.5027,-0.269374,47.3512,0.5,0.5
482,160.71,2.349,0.384284,47.559,0.5,0.5
483,165.389,2.1631,0.515669,47.6162,0.5,0.5
484,169.758,2.0903,0.0954107,47.6043,0.5,0.5
485,173.513,1.9378,0.402971,47.5049,0.5,0.5
486,176.965,1.858,0.134688,47.4928,0.5,0.5
487,179.661,1.6419,0.658385,47.4101,0.5,0.5
488,182.212,1.5973,0.0175523,47.4179,0.5,0.5
489,184.858,1.6265,-0.26134,47.2514,0.5,0.5
490,187.584,1.651,-0.245581,47.2473,0.5,0.5
491,190.387,1.6742,-0.2425,47.2353,0.5,0.5
492,193.263,1.6959,-0.238584,47.2162,0.5,0.5
493,196.268,1.7336,-0.301262,47.1981,0.5,0.5
494,199.41,1.7725,-0.308522,47.2015,0.5,0.5
495,202.567,1.7767,-0.179075,47.2011,0.5,0.5
496,205.573,1.734,-0.00105418,47.2194,0.5,0.5
497,208.305,1.6528,0.147796,47.2848,0.5,0.5
498,210.926,1.619,-0.0283144,47.3075,0.5,0.5
499,213.101,1.4747,0.394365,47.344,0.5,0.5
500,214.938,1.3553,0.307828,47.4104,0.5,0.5
501,216.489,1.2454,0.278498,47.3331,0.5,0.5
502,217.841,1.163,0.180038,47.3269,0.5,0.5
503,219.149,1.1434,-0.05456,47.3346,0.5,0.5
504,220.493,1.1596,-0.19006,47.3741,0.5,0.5
505,222.106,1.2698,-0.549477,47.4108,0.5,0.5
506,224.556,1.5654,-1.26284,47.4298,0.5,0.5
507,227.675,1.766,-0.919049,47.2899,0.5,0.5
508,231.39,1.9273,-0.781814,47.0505,0.5,0.5
509,235.525,2.0335,-0.582049,46.7702,0.5,0.5
510,239.795,2.0666,-0.310406,46.5467,0.5,0.5
511,243.856,2.0151,0.00945017,46.4789,0.5,0.5
512,247.189,1.8257,0.537501,46.587,0.5,0.5
513,250.289,1.7607,0.0744784,46.609,0.5,0.5
514,252.443,1.4674,0.947849,46.4148,0.5,0.5
515,254.369,1.388,0.150155,46.4009,0.5,0.5
516,256.091,1.312,0.14165,46.4063,0.5,0.5
517,257.394,1.1417,0.505219,46.3594,0.5,0.5
518,258.294,0.9489,0.600935,46.44,0.5,0.5
519,259.112,0.904,0.0487866,46.4123,0.5,0.5
520,259.745,0.7959,0.292082,46.2509,0.5,0.5
521,260.333,0.767,-0.00336854,46.2583,0.5,0.5
522,260.831,0.7054,0.122783,46.303,0.5,0.5
523,261.281,0.6709,0.0230671,46.3692,0.5,0.5
524,261.754,0.6877,-0.170481,46.4686,0.5,0.5
525,262.458,0.8393,-0.685278,46.5455,0.5,0.5
526,263.281,0.9069,-0.374552,46.5581,0.5,0.5
527,264.36,1.0386,-0.623078,46.451,0.5,0.5
528,265.573,1.1015,-0.369117,46.4019,0.5,0.5
529,267.183,1.2691,-0.772102,46.2471,0.5,0.5
530,269.142,1.3993,-0.64,46.2376,0.5,0.5
531,271.266,1.4576,-0.374223,46.1224,0.5,0.5
532,273.444,1.4756,-0.224532,46.064,0.5,0.5
533,275.668,1.4916,-0.21835,46.1017,0.5,0.5
534,277.783,1.4541,-0.015824,46.1847,0.5,0.5
535,279.829,1.4304,-0.0664953,46.2122,0.5,0.5
536,281.796,1.4027,-0.0501699,46.237,0.5,0.5
537,283.473,1.2949,0.256362,46.3161,0.5,0.5
538,284.683,1.0998,0.595179,46.4216,0.5,0.5
539,285.775,1.0453,0.0709485,46.4209,0.5,0.5
540,286.758,0.9913,0.0720756,46.3875,0.5,0.5
541,287.635,0.9362,0.0792819,46.3692,0.5,0.5
542,288.312,0.8233,0.302608,46.4184,0.5,0.5
543,288.899,0.7659,0.0977435,46.4414,0.5,0.5
544,289.403,0.71,0.0953021,46.4406,0.5,0.5
545,289.831,0.6544,0.097356,46.4562,0.5,0.5
546,290.128,0.5443,0.308206,46.5048,0.5,0.5
547,290.368,0.4902,0.101335,46.528,0.5,0.5
548,290.522,0.3922,0.271746,46.5282,0.5,0.5
549,290.621,0.3147,0.199445,46.5965,0.5,0.5
550,290.735,0.3374,-0.177748,46.6382,0.5,0.5
551,290.859,0.3526,-0.15062,46.6578,0.5,0.5
552,290.995,0.3686,-0.154668,46.6644,0.5,0.5
553,291.143,0.3851,-0.157625,46.6695,0.5,0.5
554,291.319,0.4192,-0.225772,46.6915,0.5,0.5
555,291.509,0.4361,-0.162391,46.7053,0.5,0.5
556,291.713,0.4522,-0.160465,46.7127,0.5,0.5
557,291.932,0.4677,-0.159257,46.7268,0.5,0.5
558,292.178,0.4963,-0.210218,46.7633,0.5,0.5
559,292.438,0.5091,-0.151858,46.7827,0.5,0.5
560,292.731,0.5414,-0.227051,46.8471,0.5,0.5
561,293.027,0.5444,-0.117486,46.8687,0.5,0.5
562,293.324,0.5447,-0.10751,46.886,0.5,0.5
563,293.619,0.543,-0.100038,46.9087,0.5,0.5
564,293.91,0.5395,-0.0932079,46.9331,0.5,0.5
565,294.187,0.5266,-0.0573102,46.9818,0.5,0.5
566,294.455,0.5173,-0.0703764,47.0062,0.5,0.5
567,294.698,0.4937,-0.0154539,47.055,0.5,0.5
568,294.928,0.4794,-0.0495859,47.0793,0.5,0.5
569,295.148,0.469,-0.0636995,47.1033,0.5,0.5
570,295.372,0.4735,-0.119958,47.1272,0.5,0.5
571,295.597,0.4734,-0.102816,47.1512,0.5,0.5
572,295.842,0.4958,-0.188654,47.1961,0.5,0.5
573,296.1,0.5073,-0.148591,47.219,0.5,0.5
574,296.375,0.5251,-0.17341,47.2905,0.5,0.5
575,296.642,0.5167,-0.0747795,47.3334,0.5,0.5
576,296.874,0.4811,0.029241,47.3938,0.5,0.5
577,297.051,0.4205,0.126526,47.4648,0.5,0.5
578,297.188,0.3706,0.0893061,47.5078,0.5,0.5
579,297.273,0.2917,0.20272,47.5514,0.5,0.5
580,297.33,0.2388,0.108337,47.59,0.5,0.5
581,297.376,0.2137,0.00554153,47.6005,0.5,0.5
582,297.412,0.1892,0.00471612,47.6175,0.5,0.5
583,297.425,0.1161,0.191324,47.6849,0.5,0.5
584,297.434,0.092,0.00899818,47.7075,0.5,0.5
585,297.436,0.0491,0.0820604,47.7323,0.5,0.5
586,297.437,0.0294,-0.00376466,47.7528,0.5,0.5
587,297.437,-0.0063,0.0583788,47.7962,0.5,0.5
588,297.437,-0.0227,-0.0130067,47.8184,0.5,0.5
589,297.44,-0.0518,0.0363767,47.8626,0.5,0.5
590,297.444,-0.0649,-0.0228217,47.8848,0.5,0.5
591,297.45,-0.0769,-0.0262082,47.9069,0.5,0.5
592,297.458,-0.0881,-0.0285151,47.929,0.5,0.5
593,297.468,-0.0987,-0.0301054,47.9508,0.5,0.5
594,297.486,-0.1354,0.0700041,48.0383,0.5,0.5
595,297.507,-0.1434,-0.0371065,48.0602,0.5,0.5
596,297.529,-0.1502,-0.0411624,48.0805,0.5,0.5
597,297.554,-0.1587,-0.0342394,48.1235,0.5,0.5
598,297.57,-0.1235,-0.200197,48.1882,0.5,0.5
599,297.572,-0.0456,-0.364985,48.253,0.5,0.5
600,297.572,0.0247,-0.340709,48.2869,0.5,0.5
601,297.577,0.0687,-0.24474,48.2526,0.5,0.5
602,297.583,0.0771,-0.111763,48.2494,0.5,0.5
603,297.589,0.0751,-0.0726607,48.2625,0.5,0.5
604,297.59,0.0362,0.0680396,48.3504,0.5,0.5
605,297.59,0.0191,-0.012689,48.3726,0.5,0.5
606,297.591,-0.0195,0.0702567,48.4029,0.5,0.5
607,297.592,-0.0412,0.00819358,48.4221,0.5,0.5
608,297.605,-0.1119,0.196212,48.4738,0.5,0.5
609,297.632,-0.1634,0.127342,48.5146,0.5,0.5
610,297.667,-0.1889,0.031417,48.5223,0.5,0.5
611,297.736,-0.2615,0.212461,48.5654,0.5,0.5
612,297.859,-0.3518,0.284338,48.6471,0.5,0.5
613,298.023,-0.4044,0.146216,48.6716,0.5,0.5
614,298.203,-0.4238,0.0229819,48.6717,0.5,0.5
615,298.386,-0.4289,-0.0302341,48.687,0.5,0.5
616,298.573,-0.432,-0.0374444,48.7488,0.5,0.5
617,298.75,-0.4206,-0.0924025,48.8071,0.5,0.5
618,298.901,-0.3889,-0.170336,48.8859,0.5,0.5
619,299.037,-0.3689,-0.127573,48.9215,0.5,0.5
620,299.16,-0.3505,-0.122593,48.9458,0.5,0.5
621,299.277,-0.3422,-0.0851334,48.9617,0.5,0.5
622,299.385,-0.3277,-0.109175,48.9967,0.5,0.5
623,299.488,-0.3215,-0.0783446,49.0158,0.5,0.5
624,299.585,-0.3118,-0.0919767,49.0533,0.5,0.5
625,299.68,-0.3082,-0.0692438,49.0727,0.5,0.5
626,299.773,-0.3038,-0.0724349,49.1307,0.5,0.5
627,299.866,-0.3062,-0.0467174,49.17,0.5,0.5
628,299.964,-0.3125,-0.0316394,49.2286,0.5,0.5
629,300.276,-0.5582,0.880987,49.2679,0.5,0.5
630,300.796,-0.7211,0.580434,49.257,0.5,0.5
631,301.012,-0.4658,-1.00302,49.2368,0.5,0.5
632,301.139,-0.3554,-0.466186,49.098,0.5,0.5
633,301.169,-0.1747,-0.740611,48.899,0.5,0.5
634,301.181,-0.1061,-0.324327,48.7645,0.5,0.5
635,301.182,0.039,-0.619917,48.5852,0.5,0.5
636,301.185,0.0549,-0.136384,48.5739,0.5,0.5
637,301.19,0.0724,-0.143452,48.5324,0.5,0.5
638,301.2,0.097,-0.171576,48.5517,0.5,0.5
639,301.21,0.1034,-0.103735,48.5695,0.5,0.5
640,301.221,0.104,-0.0820458,48.6033,0.5,0.5
641,301.227,0.0771,0.0226747,48.6615,0.5,0.5
642,301.229,0.0422,0.0547585,48.7039,0.5,0.5
643,301.229,0.0207,0.00579358,48.7238,0.5,0.5
644,301.229,-0.0026,0.0139422,48.7411,0.5,0.5
645,301.233,-0.0555,0.12813,48.7813,0.5,0.5
646,301.24,-0.0847,0.0410268,48.8016,0.5,0.5
647,301.27,-0.1751,0.275993,48.8395,0.5,0.5
648,301.313,-0.206,0.0547713,48.8573,0.5,0.5
649,301.396,-0.2881,0.251766,48.8444,0.5,0.5
650,301.493,-0.3124,0.0365494,48.8595,0.5,0.5
651,301.618,-0.353,0.100195,48.8703,0.5,0.5
652,301.755,-0.3705,0.0147091,48.8875,0.5,0.5
653,301.904,-0.386,0.00823171,48.9067,0.5,0.5
654,302.075,-0.4131,0.0534569,48.9459,0.5,0.5
655,302.255,-0.4247,-0.00387022,48.9655,0.5,0.5
656,302.462,-0.4548,0.0674199,49.0445,0.5,0.5
657,302.672,-0.4585,-0.031248,49.0642,0.5,0.5
658,302.884,-0.4603,-0.0381546,49.0831,0.5,0.5
659,303.094,-0.4576,-0.0550817,49.1589,0.5,0.5
660,303.3,-0.4547,-0.0558966,49.1779,0.5,0.5
661,303.504,-0.4513,-0.0578673,49.1964,0.5,0.5
662,303.7,-0.443,-0.076634,49.2334,0.5,0.5
663,303.884,-0.4283,-0.101413,49.2892,0.5,0.5
664,304.059,-0.4183,-0.0842878,49.3255,0.5,0.5
665,304.224,-0.4065,-0.0916482,49.3775,0.5,0.5
666,304.387,-0.4038,-0.0575883,49.3955,0.5,0.5
667,304.548,-0.4009,-0.0584161,49.4675,0.5,0.5
668,304.71,-0.4023,-0.0421105,49.4861,0.5,0.5
669,304.873,-0.4044,-0.0392625,49.5048,0.5,0.5
670,305.046,-0.4153,-0.00550882,49.5608,0.5,0.5
671,305.227,-0.4262,-0.00475253,49.598,0.5,0.5
672,305.426,-0.4461,0.0302985,49.6528,0.5,0.5
673,305.632,-0.4535,-0.0160236,49.671,0.5,0.5
674,305.858,-0.4756,0.0405415,49.7232,0.5,0.5
675,306.091,-0.483,-0.0140236,49.7413,0.5,0.5
676,306.338,-0.4971,0.0120667,49.7758,0.5,0.5
677,306.592,-0.504,-0.0143983,49.7937,0.5,0.5
678,306.853,-0.5106,-0.0150048,49.8117,0.5,0.5
679,307.141,-0.5367,0.0598151,49.8837,0.5,0.5
680,307.443,-0.5495,0.0108399,49.9195,0.5,0.5
681,307.751,-0.5552,-0.0153098,49.9359,0.5,0.5
682,308.066,-0.5606,-0.0159763,49.9531,0.5,0.5
683,308.386,-0.5658,-0.0162785,49.9709,0.5,0.5
684,308.717,-0.5757,0.00207869,50.0063,0.5,0.5
685,309.054,-0.5804,-0.017,50.024,0.5,0.5
686,309.405,-0.5927,0.0123802,50.0766,0.5,0.5
687,309.765,-0.5998,-0.00654982,50.1115,0.5,0.5
688,310.129,-0.6028,-0.0216001,50.1288,0.5,0.5
689,310.495,-0.6055,-0.0224178,50.1462,0.5,0.5
690,310.868,-0.6105,-0.0133463,50.1808,0.5,0.5
691,311.248,-0.6169,-0.00756425,50.2325,0.5,0.5
692,311.633,-0.6204,-0.0180804,50.2668,0.5,0.5
693,312.023,-0.6241,-0.0169586,50.318,0.5,0.5
694,312.413,-0.625,-0.0272546,50.335,0.5,0.5
695,312.806,-0.6263,-0.0255263,50.3689,0.5,0.5
696,313.2,-0.6278,-0.0245356,50.4194,0.5,0.5
697,313.595,-0.6282,-0.0284858,50.4362,0.5,0.5
698,313.99,-0.629,-0.0267869,50.4696,0.5,0.5
699,314.387,-0.6299,-0.0262067,50.5029,0.5,0.5
700,314.785,-0.631,-0.0252392,50.5361,0.5,0.5
701,315.184,-0.6316,-0.0269267,50.5526,0.5,0.5
702,315.585,-0.6332,-0.0229287,50.5856,0.5,0.5
703,315.987,-0.6341,-0.0253475,50.602,0.5,0.5
704,316.39,-0.635,-0.0251411,50.6184,0.5,0.5
705,316.796,-0.6373,-0.0196002,50.6511,0.5,0.5
706,317.204,-0.6387,-0.0227379,50.6675,0.5,0.5
707,317.62,-0.6448,-0.00459211,50.7324,0.5,0.5
708,318.038,-0.6466,-0.0204539,50.7485,0.5,0.5
709,318.461,-0.6501,-0.0137129,50.7806,0.5,0.5
710,318.886,-0.6519,-0.0198234,50.7966,0.5,0.5
711,319.313,-0.6536,-0.0199396,50.8126,0.5,0.5
712,319.75,-0.6613,0.00318113,50.8763,0.5,0.5
713,320.19,-0.6634,-0.0175337,50.8922,0.5,0.5
714,320.633,-0.6653,-0.01801,50.9079,0.5,0.5
715,321.081,-0.6692,-0.0101154,50.9393,0.5,0.5
716,321.537,-0.6752,-0.00171833,50.9864,0.5,0.5
717,322.001,-0.681,-0.00195689,51.0331,0.5,0.5
718,322.471,-0.6858,-0.0052543,51.0794,0.5,0.5
719,322.943,-0.687,-0.0185174,51.0947,0.5,0.5
720,323.419,-0.6902,-0.0106598,51.156,0.5,0.5
721,323.896,-0.6906,-0.02097,51.1712,0.5,0.5
722,324.373,-0.6909,-0.0211612,51.2016,0.5,0.5
723,324.851,-0.6908,-0.0225014,51.2168,0.5,0.5
724,325.328,-0.6907,-0.0223416,51.2319,0.5,0.5
725,325.803,-0.6895,-0.0263732,51.2921,0.5,0.5
726,326.278,-0.6891,-0.0232318,51.3071,0.5,0.5
727,326.752,-0.6887,-0.0230905,51.322,0.5,0.5
728,327.226,-0.688,-0.0240924,51.3518,0.5,0.5
729,327.698,-0.6876,-0.0228264,51.3666,0.5,0.5
730,328.17,-0.687,-0.0234475,51.3962,0.5,0.5
731,328.641,-0.6863,-0.0236998,51.4404,0.5,0.5
732,329.112,-0.6862,-0.0212911,51.4843,0.5,0.5
733,329.585,-0.6873,-0.0165601,51.5424,0.5,0.5
734,330.06,-0.6891,-0.0136617,51.5569,0.5,0.5
735,330.542,-0.6947,0.00109099,51.5713,0.5,0.5
736,331.076,-0.7309,0.118188,51.6,0.5,0.5
737,332.093,-1.0083,1.03957,51.6568,0.5,0.5
738,332.7,-0.7793,-0.872979,51.6657,0.5,0.5
739,333.147,-0.6686,-0.435835,51.6445,0.5,0.5
740,333.549,-0.6335,-0.154289,51.428,0.5,0.5
741,333.938,-0.6238,-0.0594714,51.3319,0.5,0.5
742,334.31,-0.6097,-0.076671,51.3397,0.5,0.5
743,334.675,-0.6049,-0.0419388,51.3539,0.5,0.5
744,335.035,-0.5995,-0.044369,51.3832,0.5,0.5
745,335.393,-0.5987,-0.0270233,51.3981,0.5,0.5
746,335.752,-0.5992,-0.0219745,51.413,0.5,0.5
747,336.116,-0.6034,-0.00770266,51.4426,0.5,0.5
748,336.485,-0.6069,-0.009972,51.4573,0.5,0.5
749,336.865,-0.6166,0.014008,51.4864,0.5,0.5
750,337.253,-0.6226,0.000642408,51.5009,0.5,0.5
751,337.666,-0.6433,0.0571638,51.5432,0.5,0.5
752,338.09,-0.651,0.00903204,51.5575,0.5,0.5
753,338.534,-0.6661,0.0378479,51.5831,0.5,0.5
754,338.988,-0.6736,0.00995957,51.597,0.5,0.5
755,339.451,-0.6809,0.00981098,51.6108,0.5,0.5
756,339.935,-0.6952,0.0370858,51.6391,0.5,0.5
757,340.428,-0.7022,0.0102994,51.6534,0.5,0.5
758,340.939,-0.7149,0.0326079,51.6808,0.5,0.5
759,341.458,-0.7206,0.00687288,51.6949,0.5,0.5
760,341.992,-0.7305,0.0233922,51.7225,0.5,0.5
761,342.542,-0.7417,0.0291172,51.7647,0.5,0.5
762,343.096,-0.7443,-0.00279816,51.7785,0.5,0.5
763,343.653,-0.7462,-0.00513007,51.7923,0.5,0.5
764,344.214,-0.7493,-0.00026424,51.716,0.5,0.5
765,344.766,-0.7431,-0.0353329,51.8486,0.5,0.5
766,345.313,-0.7394,-0.0260024,51.8036,0.5,0.5
767,345.848,-0.7313,-0.0428129,51.9048,0.5,0.5
768,346.376,-0.7269,-0.0290275,52.0221,0.5,0.5
769,346.898,-0.7224,-0.0294991,51.9923,0.5,0.5
770,347.406,-0.7129,-0.048648,52.0139,0.5,0.5
771,347.907,-0.708,-0.0315221,52.021,0.5,0.5
772,348.395,-0.6982,-0.0503175,52.0358,0.5,0.5
773,348.862,-0.6836,-0.0690294,52.0563,0.5,0.5
774,349.325,-0.6799,-0.0282133,52.069,0.5,0.5
775,349.678,-0.5947,-0.338808,52.0983,0.5,0.5
776,349.98,-0.549,-0.193293,52.1148,0.5,0.5
777,350.236,-0.5062,-0.184864,52.1014,0.5,0.5
778,350.453,-0.4655,-0.17932,52.1026,0.5,0.5
779,350.605,-0.3909,-0.310827,52.1195,0.5,0.5
780,350.733,-0.3573,-0.159007,52.1283,0.5,0.5
781,350.824,-0.3019,-0.244009,52.1124,0.5,0.5
782,350.902,-0.2795,-0.121535,52.1203,0.5,0.5
783,350.97,-0.261,-0.107958,52.125,0.5,0.5
784,351.025,-0.2337,-0.14254,52.1495,0.5,0.5
785,351.075,-0.2247,-0.0744008,52.1629,0.5,0.5
786,351.123,-0.2191,-0.0619342,52.1752,0.5,0.5
787,351.17,-0.2166,-0.0504072,52.2029,0.5,0.5
788,351.219,-0.2196,-0.0295495,52.2168,0.5,0.5
789,351.273,-0.2333,0.0114534,52.2446,0.5,0.5
790,351.347,-0.2714,0.105305,52.2854,0.5,0.5
791,351.44,-0.3062,0.0950911,52.311,0.5,0.5
792,351.573,-0.3639,0.184515,52.3342,0.5,0.5
793,351.751,-0.422,0.189603,52.3631,0.5,0.5
794,351.959,-0.4558,0.100615,52.3688,0.5,0.5
795,352.171,-0.4609,-0.0065933,52.3717,0.5,0.5
796,352.351,-0.4241,-0.165825,52.3928,0.5,0.5
797,352.446,-0.3081,-0.469711,52.43,0.5,0.5
798,352.499,-0.2305,-0.330311,52.4328,0.5,0.5
799,352.517,-0.1353,-0.401991,52.2876,0.5,0.5
800,352.53,-0.1117,-0.13488,52.2637,0.5,0.5
801,352.535,-0.0709,-0.201811,52.171,0.5,0.5
802,352.54,-0.0741,-0.0366012,52.18,0.5,0.5
803,352.547,-0.0821,-0.0181015,52.1917,0.5,0.5
804,352.563,-0.1276,0.125284,52.2314,0.5,0.5
805,352.604,-0.2016,0.236648,52.2705,0.5,0.5
806,352.689,-0.2916,0.302118,52.2815,0.5,0.5
807,352.833,-0.3796,0.299989,52.2571,0.5,0.5
808,353.017,-0.4286,0.156781,52.2283,0.5,0.5
809,353.218,-0.4485,0.0489581,52.2168,0.5,0.5
810,353.435,-0.4661,0.041501,52.2228,0.5,0.5
811,353.681,-0.4962,0.0903011,52.2483,0.5,0.5
812,353.907,-0.4752,-0.10247,52.288,0.5,0.5
813,353.969,-0.248,-0.889292,52.338,0.5,0.5
814,354.004,-0.1868,-0.27042,52.346,0.5,0.5
815,354.02,-0.1268,-0.269489,52.3224,0.5,0.5
816,354.02,-0.0108,-0.486446,52.2182,0.5,0.5
817,354.022,0.0443,-0.261388,52.2082,0.5,0.5
818,354.031,0.0958,-0.251001,52.167,0.5,0.5
819,354.085,0.2322,-0.577616,52.1514,0.5,0.5
820,354.158,0.2709,-0.213628,52.1541,0.5,0.5
821,354.289,0.3611,-0.412252,52.048,0.5,0.5
822,354.498,0.4573,-0.440633,52.0438,0.5,0.5
823,354.825,0.5724,-0.518552,52.0293,0.5,0.5
824,355.439,0.7831,-0.889882,51.9862,0.5,0.5
825,356.362,0.9608,-0.777024,51.9154,0.5,0.5
826,357.569,1.0987,-0.636312,51.745,0.5,0.5
827,359.053,1.2182,-0.574774,51.4902,0.5,0.5
828,360.576,1.234,-0.187143,51.3961,0.5,0.5
829,362.07,1.2222,-0.0832287,51.3702,0.5,0.5
830,363.224,1.0744,0.435381,51.451,0.5,0.5
831,364.12,0.9464,0.368584,51.4905,0.5,0.5
832,364.881,0.8728,0.168791,51.4716,0.5,0.5
833,365.397,0.7181,0.482025,51.3716,0.5,0.5
834,365.854,0.6758,0.0629013,51.3558,0.5,0.5
835,366.348,0.7028,-0.198762,51.3207,0.5,0.5
836,366.909,0.749,-0.273714,51.325,0.5,0.5
837,367.517,0.7799,-0.21838,51.317,0.5,0.5
838,368.138,0.788,-0.133555,51.3029,0.5,0.5
839,368.751,0.7833,-0.0854615,51.2959,0.5,0.5
840,369.325,0.7574,-0.00458923,51.3171,0.5,0.5
841,369.871,0.7386,-0.0302635,51.3309,0.5,0.5
842,370.384,0.7165,-0.0167345,51.346,0.5,0.5
843,370.99,0.7784,-0.335635,51.376,0.5,0.5
844,371.795,0.8975,-0.557497,51.3908,0.5,0.5
845,373.129,1.1547,-1.09108,51.3504,0.5,0.5
846,375.345,1.4888,-1.39986,51.1696,0.5,0.5
847,378.399,1.7474,-1.13267,50.8876,0.5,0.5
848,382.212,1.9527,-0.945581,50.4635,0.5,0.5
849,386.159,1.9867,-0.305723,50.248,0.5,0.5
850,390.038,1.9695,-0.113164,50.0389,0.5,0.5
851,393.674,1.907,0.0600037,50.0439,0.5,0.5
852,397.139,1.8614,-0.00108204,50.0712,0.5,0.5
853,400.337,1.7883,0.106,50.0966,0.5,0.5
854,403.767,1.8519,-0.410886,50.1279,0.5,0.5
855,407.418,1.9108,-0.397253,50.1459,0.5,0.5
856,411.16,1.9344,-0.266759,49.9943,0.5,0.5
857,414.58,1.8494,0.145148,49.9319,0.5,0.5
858,417.422,1.686,0.448547,49.9553,0.5,0.5
859,420.042,1.6184,0.0929646,49.9613,0.5,0.5
860,422.244,1.4839,0.351553,49.8849,0.5,0.5
861,424.335,1.446,-0.00876962,49.8765,0.5,0.5
862,426.456,1.4565,-0.191249,49.8345,0.5,0.5
863,428.728,1.5072,-0.345403,49.9031,0.5,0.5
864,431.006,1.5094,-0.164022,49.906,0.5,0.5
865,433.268,1.5041,-0.13594,49.8836,0.5,0.5
866,435.504,1.4953,-0.122646,49.8846,0.5,0.5
867,437.658,1.4676,-0.0504612,49.9101,0.5,0.5
868,439.757,1.4489,-0.083437,49.9245,0.5,0.5
869,441.795,1.4275,-0.0723706,49.9415,0.5,0.5
870,443.764,1.4032,-0.0603744,49.9582,0.5,0.5
871,445.493,1.3148,0.184989,50.0098,0.5,0.5
872,446.943,1.2041,0.274967,50.0626,0.5,0.5
873,448.278,1.1556,0.0443498,50.0704,0.5,0.5
874,449.784,1.2272,-0.410616,50.0544,0.5,0.5
875,451.775,1.411,-0.842732,50.1004,0.5,0.5
876,454.261,1.5768,-0.785559,49.9873,0.5,0.5
877,457.156,1.7014,-0.638943,49.748,0.5,0.5
878,460.152,1.731,-0.284885,49.6536,0.5,0.5
879,463.299,1.774,-0.33814,49.4459,0.5,0.5
880,466.298,1.7317,-0.016143,49.4892,0.5,0.5
881,469.297,1.7317,-0.175184,49.4892,0.5,0.5
882,472.208,1.7062,-0.0784381,49.5084,0.5,0.5
883,475.013,1.6749,-0.055212,49.5261,0.5,0.5
884,477.565,1.5973,0.122686,49.5682,0.5,0.5
885,479.972,1.5516,0.00543022,49.5885,0.5,0.5
886,482.012,1.4282,0.303866,49.6111,0.5,0.5
887,483.716,1.3055,0.30829,49.6643,0.5,0.5
888,485.205,1.2201,0.173246,49.6368,0.5,0.5
889,486.505,1.1402,0.157142,49.6132,0.5,0.5
890,487.72,1.1024,0.00127008,49.621,0.5,0.5
891,488.856,1.0659,-0.00167074,49.635,0.5,0.5
892,489.917,1.0297,-0.000870864,49.6518,0.5,0.5
893,490.904,0.9938,-8.0376e-05,49.6686,0.5,0.5
894,491.823,0.9583,0.000319632,49.6858,0.5,0.5
895,492.675,0.9231,0.00108509,49.7032,0.5,0.5
896,493.464,0.8884,0.00107887,49.721,0.5,0.5
897,494.033,0.7543,0.381694,49.7938,0.5,0.5
898,494.555,0.7221,0.00132754,49.8121,0.5,0.5
899,495.035,0.6935,-0.0106229,49.7922,0.5,0.5
900,495.479,0.6659,-0.0128767,49.7997,0.5,0.5
901,495.857,0.615,0.0774047,49.8353,0.5,0.5
902,496.326,0.6847,-0.379192,49.8532,0.5,0.5
903,496.748,0.6498,0.0149964,49.8703,0.5,0.5
904,497.206,0.6764,-0.217387,49.8135,0.5,0.5
905,497.744,0.7338,-0.336507,49.8378,0.5,0.5
906,498.324,0.7617,-0.227739,49.8445,0.5,0.5
907,498.978,0.8083,-0.300854,49.8175,0.5,0.5
908,499.662,0.8272,-0.198311,49.8215,0.5,0.5
909,500.372,0.8425,-0.185932,49.8213,0.5,0.5
910,501.102,0.8548,-0.175625,49.832,0.5,0.5
911,501.849,0.864,-0.164759,49.8464,0.5,0.5
912,502.612,0.8733,-0.165902,49.8776,0.5,0.5
913,503.368,0.8697,-0.117519,49.9102,0.5,0.5
914,504.113,0.8629,-0.105319,49.9264,0.5,0.5
915,504.818,0.8402,-0.0445332,49.9625,0.5,0.5
916,505.498,0.8243,-0.069277,49.9808,0.5,0.5
917,506.148,0.806,-0.0593724,49.9994,0.5,0.5
918,506.764,0.7849,-0.0477948,50.0176,0.5,0.5
919,507.343,0.7614,-0.0375675,50.036,0.5,0.5
920,507.884,0.7354,-0.026809,50.0543,0.5,0.5
921,508.384,0.7072,-0.0170368,50.0725,0.5,0.5
922,508.8,0.6447,0.115184,50.1084,0.5,0.5
923,509.173,0.6106,0.010583,50.1262,0.5,0.5
924,509.504,0.5759,0.0147768,50.1378,0.5,0.5
925,509.796,0.5399,0.0216822,50.153,0.5,0.5
926,510.049,0.5028,0.0279125,50.1703,0.5,0.5
927,510.265,0.4647,0.033837,50.1874,0.5,0.5
928,510.414,0.3863,0.189573,50.2213,0.5,0.5
929,510.534,0.3461,0.0486522,50.2382,0.5,0.5
930,510.628,0.3069,0.0471805,50.2443,0.5,0.5
931,510.7,0.2677,0.0494683,50.2579,0.5,0.5
932,510.752,0.2286,0.0513844,50.2747,0.5,0.5
933,510.788,0.1897,0.0529229,50.2914,0.5,0.5
934,510.811,0.1512,0.0536966,50.3081,0.5,0.5
935,510.812,0.0384,0.33908,50.3582,0.5,0.5
936,510.812,0.002,0.0547639,50.3748,0.5,0.5
937,510.816,-0.0605,0.156403,50.341,0.5,0.5
938,510.824,-0.0883,0.0279676,50.3514,0.5,0.5
939,510.842,-0.136,0.105487,50.3778,0.5,0.5
940,510.867,-0.1566,0.00513586,50.3946,0.5,0.5
941,510.897,-0.1748,-0.00273019,50.4106,0.5,0.5
942,510.934,-0.1913,-0.00806928,50.4277,0.5,0.5
943,510.982,-0.2193,0.0367884,50.4613,0.5,0.5
944,511.035,-0.231,-0.0235792,50.4782,0.5,0.5
945,511.093,-0.241,-0.0292964,50.4951,0.5,0.5
946,511.156,-0.2495,-0.0343515,50.512,0.5,0.5
947,511.225,-0.2631,-0.0143473,50.545,0.5,0.5
948,511.297,-0.2682,-0.045852,50.5614,0.5,0.5
949,511.371,-0.2723,-0.0492906,50.5781,0.5,0.5
950,511.447,-0.2755,-0.0524075,50.5946,0.5,0.5
951,511.524,-0.2779,-0.0551968,50.6108,0.5,0.5
952,511.603,-0.2811,-0.0519373,50.6431,0.5,0.5
953,511.683,-0.282,-0.0604407,50.6592,0.5,0.5
954,511.762,-0.2825,-0.0618429,50.6755,0.5,0.5
955,511.842,-0.2828,-0.062507,50.6916,0.5,0.5
956,511.922,-0.2829,-0.0631831,50.7076,0.5,0.5
957,512.002,-0.2831,-0.0627282,50.7397,0.5,0.5
958,512.083,-0.2832,-0.0630292,50.7557,0.5,0.5
959,512.163,-0.2837,-0.0614311,50.7718,0.5,0.5
960,512.251,-0.297,-0.0125618,50.8039,0.5,0.5
961,512.332,-0.2845,-0.109994,50.8199,0.5,0.5
962,512.408,-0.275,-0.0992475,50.8681,0.5,0.5
963,512.483,-0.2732,-0.070415,50.8826,0.5,0.5
964,512.558,-0.2748,-0.057503,50.9416,0.5,0.5
965,512.64,-0.2861,-0.0203814,50.9887,0.5,0.5
966,512.739,-0.3147,0.0462852,51.052,0.5,0.5
967,512.851,-0.3341,0.0130294,51.0836,0.5,0.5
968,512.976,-0.3546,0.0184695,51.1114,0.5,0.5
969,513.11,-0.3651,-0.0183129,51.1262,0.5,0.5
970,513.251,-0.3757,-0.0172117,51.1414,0.5,0.5
971,513.409,-0.3979,0.0277158,51.1724,0.5,0.5
972,513.597,-0.4333,0.0794437,51.219,0.5,0.5
973,513.795,-0.4453,-0.00747938,51.234,0.5,0.5
974,514.004,-0.4567,-0.00893578,51.2468,0.5,0.5
975,514.234,-0.4794,0.0349163,51.2769,0.5,0.5
976,514.474,-0.4907,-0.00703795,51.2922,0.5,0.5
977,514.726,-0.5016,-0.00776357,51.307,0.5,0.5
978,514.988,-0.5123,-0.00774862,51.3221,0.5,0.5
979,515.262,-0.523,-0.0069811,51.3373,0.5,0.5
980,515.558,-0.5437,0.0318914,51.3678,0.5,0.5
981,515.864,-0.5539,-0.00673867,51.383,0.5,0.5
982,516.182,-0.5635,-0.00827743,51.3976,0.5,0.5
983,516.51,-0.5729,-0.00832594,51.4126,0.5,0.5
984,516.849,-0.5821,-0.00838423,51.4276,0.5,0.5
985,517.198,-0.591,-0.00883339,51.4427,0.5,0.5
986,517.568,-0.6081,0.0230886,51.4726,0.5,0.5
987,517.948,-0.6162,-0.0100276,51.4875,0.5,0.5
988,518.337,-0.6239,-0.0109158,51.5022,0.5,0.5
989,518.735,-0.6313,-0.0114453,51.5171,0.5,0.5
990,519.143,-0.6384,-0.0119911,51.5319,0.5,0.5
991,519.559,-0.6452,-0.0125532,51.5467,0.5,0.5
992,519.984,-0.6518,-0.0127508,51.5615,0.5,0.5
993,520.417,-0.6581,-0.0133399,51.5762,0.5,0.5
994,520.874,-0.6756,0.0298723,51.6204,0.5,0.5
995,521.343,-0.6851,0.000606696,51.635,0.5,0.5
996,521.955,-0.782,0.334358,51.6771,0.5,0.5
997,522.944,-0.9949,0.782371,51.7203,0.5,0.5
998,524.348,-1.1849,0.708181,51.6495,0.5,0.5
999,526.108,-1.3265,0.535495,51.3998,0.5,0.5
1000,527.956,-1.3594,0.13017,51.306,0.5,0.5
1001,529.934,-1.4064,0.186203,51.1495,0.5,0.5
1002,531.858,-1.3872,-0.0628664,51.1925,0.5,0.5
1003,533.792,-1.3906,0.0224214,51.254,0.5,0.5
1004,535.883,-1.4461,0.221473,51.2667,0.5,0.5
1005,538.388,-1.5826,0.533793,51.313,0.5,0.5
1006,541.095,-1.6452,0.260819,51.3237,0.5,0.5
1007,543.867,-1.665,0.101907,51.2765,0.5,0.5
1008,546.681,-1.6775,0.0756843,51.2646,0.5,0.5
1009,549.517,-1.6842,0.0547405,51.2785,0.5,0.5
1010,552.362,-1.6867,0.0395453,51.2947,0.5,0.5
1011,555.213,-1.6883,0.0366715,51.3112,0.5,0.5
1012,558.028,-1.6779,-0.00854981,51.3453,0.5,0.5
1013,560.802,-1.6656,-0.0160131,51.3615,0.5,0.5
1014,563.522,-1.6491,-0.0323573,51.3774,0.5,0.5
1015,566.174,-1.6286,-0.0481964,51.3925,0.5,0.5
1016,568.749,-1.6046,-0.0623763,51.4073,0.5,0.5
1017,571.237,-1.5773,-0.0760108,51.4215,0.5,0.5
1018,573.529,-1.5141,-0.214064,51.4512,0.5,0.5
1019,575.716,-1.4787,-0.111583,51.4647,0.5,0.5
1020,577.596,-1.3712,-0.388079,51.4728,0.5,0.5
1021,579.698,-1.4497,0.314479,51.4978,0.5,0.5
1022,582.143,-1.5638,0.4552,51.4797,0.5,0.5
1023,584.964,-1.6796,0.468926,51.4403,0.5,0.5
1024,588.174,-1.7917,0.462207,51.3843,0.5,0.5
1025,592.182,-2.0019,0.843174,51.2587,0.5,0.5
1026,597.352,-2.2737,1.09103,51.1022,0.5,0.5
1027,603.499,-2.4794,0.85609,50.8448,0.5,0.5
1028,610.487,-2.6435,0.710571,50.4211,0.5,0.5
1029,617.157,-2.5827,-0.135833,50.3017,0.5,0.5
1030,624.891,-2.7809,0.847977,50.2009,0.5,0.5
1031,634.888,-3.1618,1.55671,50.1792,0.5,0.5
1032,647.223,-3.5121,1.46383,49.9172,0.5,0.5
1033,661.843,-3.8236,1.33793,49.4887,0.5,0.5
1034,677.052,-3.8999,0.461447,49.1553,0.5,0.5
1035,692.367,-3.9134,0.227696,48.944,0.5,0.5
1036,707.332,-3.8685,0.00693089,48.8757,0.5,0.5
1037,721.379,-3.7479,-0.283281,48.9709,0.5,0.5
1038,735.218,-3.7202,0.0643252,48.9928,0.5,0.5
1039,749.285,-3.7506,0.284924,49.025,0.5,0.5
1040,763.597,-3.7831,0.295657,49.0112,0.5,0.5
1041,778.086,-3.8064,0.263469,49.0116,0.5,0.5
1042,792.683,-3.8206,0.231113,49.0072,0.5,0.5
1043,807.185,-3.8081,0.131152,49.1197,0.5,0.5
1044,821.51,-3.7849,0.0905431,49.0954,0.5,0.5
1045,834.975,-3.6695,-0.26125,49.1992,0.5,0.5
1046,847.213,-3.4983,-0.479933,49.2504,0.5,0.5
1047,858.095,-3.2987,-0.597617,49.2507,0.5,0.5
1048,868.11,-3.1647,-0.358897,49.1668,0.5,0.5
1049,877.723,-3.1004,-0.100636,49.115,0.5,0.5
1050,886.952,-3.038,-0.0965262,49.0859,0.5,0.5
1051,895.863,-2.9852,-0.0629777,49.0995,0.5,0.5
1052,904.458,-2.9316,-0.0684901,49.1406,0.5,0.5
1053,913.047,-2.9307,0.129784,49.1597,0.5,0.5
1054,921.642,-2.9318,0.138054,49.198,0.5,0.5
1055,930.237,-2.9317,0.134251,49.2052,0.5,0.5
1056,938.823,-2.9302,0.129615,49.2094,0.5,0.5
1057,947.366,-2.9228,0.107747,49.2247,0.5,0.5
1058,955.872,-2.9166,0.112575,49.2354,0.5,0.5
1059,964.332,-2.9086,0.106043,49.2508,0.5,0.5
1060,972.668,-2.8871,0.0548211,49.2785,0.5,0.5
1061,980.924,-2.8733,0.0835577,49.2934,0.5,0.5
1062,989.091,-2.8579,0.0773196,49.311,0.5,0.5
1063,997.16,-2.8406,0.0698384,49.3283,0.5,0.5
1064,1005.12,-2.8213,0.0618575,49.347,0.5,0.5
1065,1012.83,-2.7769,-0.0342651,49.3843,0.5,0.5
1066,1020.4,-2.7518,0.0372644,49.4021,0.5,0.5
1067,1027.88,-2.7341,0.0646086,49.4202,0.5,0.5
1068,1035.4,-2.7433,0.166694,49.4571,0.5,0.5
1069,1043.04,-2.7637,0.210581,49.4753,0.5,0.5
1070,1050.93,-2.808,0.303538,49.5096,0.5,0.5
1071,1058.86,-2.8165,0.170474,49.5433,0.5,0.5
1072,1066.74,-2.8073,0.104221,49.5405,0.5,0.5
1073,1074.55,-2.7939,0.0883374,49.5524,0.5,0.5
1074,1082.26,-2.7767,0.0737218,49.571,0.5,0.5
1075,1089.72,-2.7311,-0.0348587,49.6119,0.5,0.5
1076,1097.02,-2.7028,0.0289669,49.6312,0.5,0.5
1077,1104.16,-2.6719,0.0180042,49.6495,0.5,0.5
1078,1110.58,-2.5328,-0.395484,49.7279,0.5,0.5
1079,1116.7,-2.474,-0.0972932,49.7666,0.5,0.5
1080,1122.71,-2.4522,0.0407374,49.7454,0.5,0.5
1081,1128.61,-2.4295,0.0365834,49.7489,0.5,0.5
1082,1134.27,-2.3784,-0.0724117,49.784,0.5,0.5
1083,1139.65,-2.3201,-0.102353,49.8186,0.5,0.5
1084,1144.89,-2.2891,-0.00128854,49.836,0.5,0.5
1085,1149.84,-2.2255,-0.12682,49.8686,0.5,0.5
1086,1154.65,-2.1924,-0.0139052,49.8863,0.5,0.5
1087,1159.04,-2.0939,-0.264563,49.9327,0.5,0.5
1088,1163.15,-2.0277,-0.146923,49.9682,0.5,0.5
1089,1167.13,-1.9962,-0.018209,49.9712,0.5,0.5
1090,1170.77,-1.9085,-0.233763,50.0136,0.5,0.5
1091,1174.31,-1.881,-0.00921149,50.0309,0.5,0.5
1092,1177.67,-1.8331,-0.0881455,50.0465,0.5,0.5
1093,1180.95,-1.8113,0.00885617,50.0619,0.5,0.5
1094,1184.09,-1.7721,-0.0583205,50.0971,0.5,0.5
1095,1187.17,-1.754,0.0201394,50.114,0.5,0.5
1096,1190.13,-1.7216,-0.0350164,50.1493,0.5,0.5
1097,1193.05,-1.7067,0.0301242,50.1662,0.5,0.5
1098,1195.83,-1.6678,-0.0618095,50.2187,0.5,0.5
1099,1198.57,-1.6563,0.040648,50.2352,0.5,0.5
1100,1201.22,-1.628,-0.0236593,50.2865,0.5,0.5
1101,1203.8,-1.6051,-0.00439805,50.3508,0.5,0.5
1102,1206.34,-1.5957,0.0460459,50.4022,0.5,0.5
1103,1208.88,-1.5932,0.0721533,50.4193,0.5,0.5
1104,1211.39,-1.5843,0.0479995,50.4677,0.5,0.5
1105,1213.89,-1.5803,0.0665138,50.483,0.5,0.5
1106,1216.34,-1.5646,0.0220723,50.5314,0.5,0.5
1107,1218.74,-1.5499,0.0253123,50.5629,0.5,0.5
1108,1221.12,-1.5413,0.0480412,50.5794,0.5,0.5
1109,1223.46,-1.5318,0.0444638,50.5962,0.5,0.5
1110,1225.74,-1.5098,-0.00336883,50.629,0.5,0.5
1111,1227.98,-1.4971,0.0311035,50.6454,0.5,0.5
1112,1230.18,-1.4837,0.0280306,50.6621,0.5,0.5
1113,1232.3,-1.4536,-0.0360516,50.6952,0.5,0.5
1114,1234.36,-1.437,0.0139223,50.7118,0.5,0.5
1115,1236.33,-1.4019,-0.0572222,50.7443,0.5,0.5
1116,1238.24,-1.3833,0.00386875,50.7608,0.5,0.5
1117,1240.05,-1.345,-0.0719814,50.7924,0.5,0.5
1118,1241.81,-1.3251,-0.00385742,50.8087,0.5,0.5
1119,1243.41,-1.2656,-0.155624,50.8545,0.5,0.5
1120,1244.91,-1.2236,-0.092225,50.8867,0.5,0.5
1121,1246.26,-1.1624,-0.167618,50.9074,0.5,0.5
1122,1247.51,-1.1211,-0.095202,50.9211,0.5,0.5
1123,1248.68,-1.0801,-0.0962778,50.9315,0.5,0.5
1124,1249.76,-1.0386,-0.100393,50.9453,0.5,0.5
1125,1250.68,-0.9592,-0.247052,50.9751,0.5,0.5
1126,1251.53,-0.9214,-0.0930991,50.9901,0.5,0.5
1127,1252.21,-0.825,-0.318435,50.998,0.5,0.5
1128,1252.81,-0.7732,-0.154108,51.0276,0.5,0.5
1129,1253.37,-0.7525,-0.038544,51.0235,0.5,0.5
1130,1253.86,-0.7001,-0.160395,51.0757,0.5,0.5
1131,1254.34,-0.6942,0.0137927,51.0916,0.5,0.5
1132,1254.82,-0.692,0.0277017,51.1179,0.5,0.5
1133,1255.31,-0.6947,0.0464055,51.1322,0.5,0.5
1134,1255.79,-0.6991,0.0532122,51.1456,0.5,0.5
1135,1256.29,-0.7049,0.0589794,51.1582,0.5,0.5
1136,1256.81,-0.7201,0.0953142,51.1835,0.5,0.5
1137,1257.37,-0.7487,0.14746,51.2231,0.5,0.5
1138,1257.98,-0.7785,0.153935,51.2587,0.5,0.5
1139,1258.62,-0.8008,0.12734,51.2851,0.5,0.5
1140,1259.27,-0.8051,0.0602912,51.2943,0.5,0.5
1141,1259.92,-0.8077,0.054266,51.3299,0.5,0.5
1142,1260.56,-0.8007,0.0180382,51.3594,0.5,0.5
1143,1261.19,-0.7948,0.022,51.3745,0.5,0.5
1144,1261.81,-0.7874,0.0161199,51.3897,0.5,0.5
1145,1262.4,-0.7682,-0.0290977,51.4201,0.5,0.5
1146,1262.97,-0.7565,-0.00149314,51.4353,0.5,0.5
1147,1263.53,-0.7437,-0.00620765,51.4499,0.5,0.5
1148,1264.06,-0.7297,-0.0113725,51.4646,0.5,0.5
1149,1264.57,-0.7145,-0.016613,51.4796,0.5,0.5
1150,1265.06,-0.6983,-0.0211674,51.4945,0.5,0.5
1151,1265.5,-0.6629,-0.0951324,51.5242,0.5,0.5
1152,1265.91,-0.6438,-0.0349988,51.539,0.5,0.5
1153,1266.3,-0.6245,-0.036757,51.5516,0.5,0.5
1154,1266.67,-0.6046,-0.0400559,51.5654,0.5,0.5
1155,1266.98,-0.5634,-0.122268,51.5945,0.5,0.5
1156,1267.28,-0.5403,-0.055649,51.609,0.5,0.5
1157,1267.54,-0.5172,-0.0569108,51.6206,0.5,0.5
1158,1267.64,-0.3119,-0.752404,51.6624,0.5,0.5
1159,1267.69,-0.2179,-0.340617,51.6768,0.5,0.5
1160,1267.7,-0.1271,-0.334034,51.6362,0.5,0.5
1161,1267.71,-0.0394,-0.327662,51.5782,0.5,0.5
1162,1267.78,0.2727,-1.18795,51.5349,0.5,0.5
1163,1268.04,0.5075,-0.912288,51.5252,0.5,0.5
1164,1268.34,0.5503,-0.194988,51.4804,0.5,0.5
1165,1268.71,0.6103,-0.263235,51.2624,0.5,0.5
1166,1269.13,0.6421,-0.159547,51.2519,0.5,0.5
1167,1269.55,0.648,-0.0629311,51.265,0.5,0.5
1168,1269.94,0.6289,0.0318139,51.3167,0.5,0.5
1169,1270.29,0.5886,0.113591,51.3503,0.5,0.5
1170,1270.6,0.5622,0.0629147,51.363,0.5,0.5
1171,1270.99,0.6224,-0.265597,51.3769,0.5,0.5
1172,1271.53,0.7315,-0.455693,51.3995,0.5,0.5
1173,1272.27,0.8642,-0.552363,51.3788,0.5,0.5
1174,1273.12,0.9228,-0.278225,51.2989,0.5,0.5
1175,1274.01,0.9408,-0.127281,51.2446,0.5,0.5
1176,1274.93,0.9573,-0.122876,51.2383,0.5,0.5
1177,1275.84,0.9568,-0.0593253,51.2534,0.5,0.5
1178,1276.72,0.94,0.00258214,51.2857,0.5,0.5
1179,1277.58,0.9244,-0.00120372,51.3024,0.5,0.5
1180,1278.26,0.8245,0.320717,51.3615,0.5,0.5
1181,1278.89,0.7913,0.0723945,51.3762,0.5,0.5
1182,1279.46,0.7578,0.0753476,51.3588,0.5,0.5
1183,1279.93,0.6858,0.223878,51.3731,0.5,0.5
1184,1280.35,0.6479,0.0981215,51.3859,0.5,0.5
1185,1280.64,0.5377,0.375729,51.3855,0.5,0.5
1186,1280.89,0.5024,0.0968519,51.3961,0.5,0.5
1187,1281.06,0.4164,0.292037,51.3328,0.5,0.5
1188,1281.22,0.3939,0.0551674,51.3415,0.5,0.5
1189,1281.37,0.3913,-0.0193955,51.3417,0.5,0.5
1190,1281.62,0.4965,-0.430077,51.3543,0.5,0.5
1191,1283.61,1.4125,-3.52588,51.4194,0.5,0.5
1192,1287.02,1.8449,-1.73876,51.3292,0.5,0.5
1193,1293.14,2.4744,-2.51625,51.0654,0.5,0.5
1194,1300.31,2.6769,-0.927794,50.9569,0.5,0.5
1195,1309.72,3.0677,-1.6581,50.7443,0.5,0.5
1196,1320.31,3.2548,-0.906235,50.6305,0.5,0.5
1197,1334.56,3.775,-2.18748,50.3194,0.5,0.5
1198,1350.03,3.9324,-0.837366,50.1997,0.5,0.5
1199,1368.92,4.347,-1.82779,49.8817,0.5,0.5
1200,1389.79,4.5683,-1.11728,49.6795,0.5,0.5
1201,1411.51,4.6602,-0.638667,49.5894,0.5,0.5
1202,1433.97,4.7388,-0.594645,49.477,0.5,0.5
1203,1457.55,4.8561,-0.747974,49.3735,0.5,0.5
1204,1481.76,4.9209,-0.556168,49.2833,0.5,0.5
1205,1505.89,4.9117,-0.279295,49.2289,0.5,0.5
1206,1529.42,4.8506,-0.0821678,49.2127,0.5,0.5
1207,1552.46,4.8006,-0.121945,49.2254,0.5,0.5
1208,1573.48,4.5847,0.512034,49.3663,0.5,0.5
1209,1593.67,4.4935,0.0488023,49.3892,0.5,0.5
1210,1612.26,4.3113,0.39995,49.2754,0.5,0.5
1211,1628.23,3.9968,0.913985,49.306,0.5,0.5
1212,1642.49,3.7762,0.57419,49.2097,0.5,0.5
1213,1655.87,3.658,0.196404,49.0755,0.5,0.5
1214,1669.78,3.7292,-0.519013,48.9809,0.5,0.5
1215,1683.6,3.7175,-0.208328,48.9741,0.5,0.5
1216,1698.14,3.8129,-0.616592,48.94,0.5,0.5
1217,1713.13,3.8712,-0.481894,48.9004,0.5,0.5
1218,1729.79,4.0825,-1.0693,48.7781,0.5,0.5
1219,1748.99,4.3816,-1.41755,48.5807,0.5,0.5
1220,1768.92,4.4646,-0.613226,48.4636,0.5,0.5
1221,1789.52,4.5378,-0.581957,48.1849,0.5,0.5
1222,1810.68,4.6003,-0.546686,48.0935,0.5,0.5
1223,1832.32,4.6522,-0.511167,47.9811,0.5,0.5
1224,1854.95,4.7571,-0.717352,47.9452,0.5,0.5
1225,1877.59,4.7578,-0.327786,47.9388,0.5,0.5
1226,1899.67,4.699,-0.102261,47.8171,0.5,0.5
1227,1921.46,4.6683,-0.206915,47.8007,0.5,0.5
1228,1942.97,4.6376,-0.206186,47.9539,0.5,0.5
1229,1963.97,4.583,-0.114384,47.9875,0.5,0.5
1230,1983.79,4.4522,0.178145,48.0355,0.5,0.5
1231,2002.95,4.377,-0.0268935,48.1015,0.5,0.5
1232,2021.42,4.2979,-0.00855396,48.1076,0.5,0.5
1233,2035.34,3.7306,1.85534,48.2156,0.5,0.5
1234,2046.12,3.2836,1.43025,48.3059,0.5,0.5
1235,2054.76,2.9379,1.07041,48.1119,0.5,0.5
1236,2062.74,2.8256,0.201217,48.0159,0.5,0.5
1237,2069.55,2.6096,0.602426,47.8219,0.5,0.5
1238,2075.83,2.5053,0.189208,47.7676,0.5,0.5
1239,2080.79,2.2285,0.852156,47.6195,0.5,0.5
1240,2085.47,2.1621,0.0666211,47.6259,0.5,0.5
1241,2089.96,2.1196,-0.0209626,47.4032,0.5,0.5
1242,2095.02,2.2492,-0.674653,47.4398,0.5,0.5
1243,2100.56,2.3543,-0.589649,47.4764,0.5,0.5
1244,2106.37,2.4098,-0.407558,47.4595,0.5,0.5
1245,2112.45,2.4659,-0.413766,47.3724,0.5,0.5
1246,2119.09,2.5763,-0.624633,47.2826,0.5,0.5
1247,2126,2.6294,-0.413575,47.2504,0.5,0.5
1248,2133.18,2.6801,-0.40826,47.2057,0.5,0.5
1249,2140.62,2.7279,-0.400908,47.1632,0.5,0.5
1250,2148.31,2.7722,-0.391106,47.1452,0.5,0.5
1251,2156.43,2.849,-0.518273,47.1206,0.5,0.5
1252,2164.72,2.8808,-0.352122,47.1155,0.5,0.5
1253,2173.17,2.9068,-0.33263,47.091,0.5,0.5
1254,2181.9,2.9542,-0.416433,47.1148,0.5,0.5
1255,2190.61,2.9516,-0.229485,47.1575,0.5,0.5
1256,2199.13,2.9178,-0.111158,47.1642,0.5,0.5
1257,2207.76,2.938,-0.315575,47.3074,0.5,0.5
1258,2216.92,3.0273,-0.580784,47.3881,0.5,0.5
1259,2226.2,3.046,-0.317887,47.3992,0.5,0.5
1260,2235.56,3.0585,-0.296121,47.3188,0.5,0.5
1261,2244.69,3.0215,-0.109002,47.354,0.5,0.5
1262,2253.21,2.9205,0.136357,47.4109,0.5,0.5
1263,2260.86,2.7641,0.352828,47.496,0.5,0.5
1264,2267.14,2.5071,0.744896,47.5336,0.5,0.5
1265,2272.77,2.3729,0.291879,47.4964,0.5,0.5
1266,2277.31,2.1296,0.715091,47.2169,0.5,0.5
1267,2281.42,2.0281,0.188944,47.2034,0.5,0.5
1268,2285.1,1.9175,0.229245,47.023,0.5,0.5
1269,2288.54,1.8549,0.0525557,47.0754,0.5,0.5
1270,2291.91,1.8369,-0.114055,47.1409,0.5,0.5
1271,2295.32,1.8472,-0.221242,47.1892,0.5,0.5
1272,2298.77,1.8566,-0.218876,47.2022,0.5,0.5
1273,2302.26,1.8673,-0.224841,47.1983,0.5,0.5
1274,2305.89,1.9051,-0.329191,47.1934,0.5,0.5
1275,2310.23,2.0832,-0.866502,47.2086,0.5,0.5
1276,2314.93,2.1692,-0.526808,47.2033,0.5,0.5
1277,2321.04,2.4705,-1.35285,46.9789,0.5,0.5
1278,2328.51,2.7338,-1.22681,46.8463,0.5,0.5
1279,2336.4,2.8086,-0.525095,46.7984,0.5,0.5
1280,2345.01,2.9343,-0.724216,46.5845,0.5,0.5
1281,2353.92,2.985,-0.446725,46.527,0.5,0.5
1282,2363.08,3.0262,-0.414298,46.4826,0.5,0.5
1283,2372.43,3.0593,-0.386643,46.4792,0.5,0.5
1284,2382.05,3.1014,-0.423664,46.5159,0.5,0.5
1285,2391.73,3.1101,-0.299682,46.5352,0.5,0.5
1286,2401.4,3.1103,-0.268566,46.5507,0.5,0.5
1287,2411.03,3.1028,-0.239985,46.5764,0.5,0.5
1288,2420.24,3.035,-0.0105206,46.6598,0.5,0.5
1289,2428.66,2.9016,0.242787,46.7461,0.5,0.5
1290,2434.88,2.4939,1.29528,46.8977,0.5,0.5
1291,2440.71,2.4142,0.0694781,46.8983,0.5,0.5
1292,2445.43,2.1732,0.688291,46.6988,0.5,0.5
1293,2449.81,2.0923,0.0922683,46.637,0.5,0.5
1294,2453.03,1.7965,0.91546,46.4003,0.5,0.5
1295,2455.6,1.602,0.546871,46.4483,0.5,0.5
1296,2457.98,1.5441,0.0377241,46.4152,0.5,0.5
1297,2460.21,1.492,0.018742,46.3244,0.5,0.5
1298,2462.29,1.4423,0.0123779,46.3408,0.5,0.5
1299,2463.92,1.277,0.455489,46.4363,0.5,0.5
1300,2465.59,1.2919,-0.221465,46.5101,0.5,0.5
1301,2467.75,1.468,-0.836883,46.4274,0.5,0.5
1302,2470.58,1.6844,-1.0014,46.4117,0.5,0.5
1303,2474.17,1.8953,-0.99388,46.2167,0.5,0.5
1304,2478.02,1.9614,-0.455317,46.1494,0.5,0.5
1305,2482.36,2.0838,-0.674286,45.9581,0.5,0.5
1306,2487.36,2.235,-0.791894,45.8514,0.5,0.5
1307,2492.87,2.3466,-0.650654,45.6526,0.5,0.5
1308,2498.41,2.3536,-0.259388,45.5933,0.5,0.5
1309,2503.93,2.3513,-0.22494,45.5464,0.5,0.5
1310,2509.42,2.3424,-0.200218,45.569,0.5,0.5
1311,2514.84,2.3271,-0.175858,45.6004,0.5,0.5
1312,2520.03,2.2781,-0.0470901,45.6628,0.5,0.5
1313,2524.89,2.2053,0.0459986,45.725,0.5,0.5
1314,2528.9,2.0037,0.540614,45.8322,0.5,0.5
1315,2532.44,1.8813,0.250506,45.8765,0.5,0.5
1316,2535.52,1.7548,0.27305,45.7982,0.5,0.5
1317,2537.79,1.507,0.742431,45.7929,0.5,0.5
1318,2539.89,1.4484,0.0360997,45.8001,0.5,0.5
1319,2541.57,1.2967,0.394016,45.6143,0.5,0.5
1320,2543.14,1.2527,-0.00752011,45.6079,0.5,0.5
1321,2544.52,1.1734,0.129331,45.6072,0.5,0.5
1322,2545.96,1.2,-0.269678,45.6483,0.5,0.5
1323,2547.69,1.317,-0.616014,45.7294,0.5,0.5
1324,2549.78,1.4438,-0.660718,45.7004,0.5,0.5
1325,2552.09,1.5215,-0.48162,45.6002,0.5,0.5
1326,2554.51,1.5561,-0.322445,45.5403,0.5,0.5
1327,2557.25,1.653,-0.562281,45.4163,0.5,0.5
1328,2560.06,1.6779,-0.294177,45.4569,0.5,0.5
1329,2562.87,1.6749,-0.189774,45.4342,0.5,0.5
1330,2565.6,1.6537,-0.120649,45.4698,0.5,0.5
1331,2568.12,1.5871,0.0532159,45.5553,0.5,0.5
1332,2570.26,1.4624,0.278222,45.6713,0.5,0.5
1333,2572.36,1.4508,-0.145555,45.6938,0.5,0.5
1334,2574.47,1.4521,-0.194357,45.6859,0.5,0.5
1335,2576.57,1.4464,-0.168112,45.7241,0.5,0.5
1336,2578.55,1.4105,-0.0530465,45.7905,0.5,0.5
1337,2580.49,1.3911,-0.114091,45.8147,0.5,0.5
1338,2582.14,1.2863,0.212138,45.9258,0.5,0.5
1339,2583.53,1.1788,0.22843,46.0023,0.5,0.5
1340,2584.83,1.14,-0.0271405,46.0098,0.5,0.5
1341,2586.05,1.1015,-0.0262199,46.0101,0.5,0.5
1342,2587.17,1.0616,-0.0188307,46.0314,0.5,0.5
1343,2588.13,0.9778,0.150588,46.0844,0.5,0.5
1344,2588.84,0.8445,0.344008,46.1617,0.5,0.5
1345,2589.46,0.7861,0.0664483,46.1972,0.5,0.5
1346,2590.06,0.7709,-0.0948247,46.1895,0.5,0.5
1347,2590.63,0.7563,-0.0963802,46.205,0.5,0.5
1348,2591.18,0.7411,-0.0933961,46.2271,0.5,0.5
1349,2591.65,0.6913,0.039176,46.2906,0.5,0.5
1350,2592.06,0.6339,0.0709679,46.3596,0.5,0.5
1351,2592.39,0.5742,0.083037,46.433,0.5,0.5
1352,2592.65,0.5183,0.0720167,46.5031,0.5,0.5
1353,2592.89,0.4851,-0.0112328,46.5494,0.5,0.5
1354,2593.11,0.47,-0.0783146,46.5732,0.5,0.5
1355,2593.32,0.4553,-0.0790418,46.6229,0.5,0.5
1356,2593.55,0.4785,-0.222674,46.6686,0.5,0.5
1357,2593.8,0.5014,-0.223043,46.6916,0.5,0.5
1358,2594.13,0.575,-0.417722,46.7355,0.5,0.5
1359,2594.49,0.5981,-0.229877,46.7645,0.5,0.5
1360,2594.85,0.604,-0.165876,46.7515,0.5,0.5
1361,2595.21,0.602,-0.136275,46.7975,0.5,0.5
1362,2595.54,0.5709,-0.025421,46.8671,0.5,0.5
1363,2595.8,0.5118,0.0830022,46.9399,0.5,0.5
1364,2595.99,0.4303,0.171789,47.0125,0.5,0.5
1365,2596.1,0.337,0.221556,47.0681,0.5,0.5
1366,2596.16,0.2445,0.224047,47.1026,0.5,0.5
1367,2596.17,0.1054,0.407118,47.167,0.5,0.5
1368,2596.18,0.0926,-0.0657612,47.1813,0.5,0.5
1369,2596.2,0.1349,-0.274957,47.1392,0.5,0.5
1370,2596.23,0.1693,-0.247436,47.1506,0.5,0.5
1371,2596.27,0.2042,-0.251454,47.139,0.5,0.5
1372,2596.34,0.2735,-0.384678,47.1168,0.5,0.5
1373,2596.46,0.34,-0.378249,47.1126,0.5,0.5
1374,2596.64,0.4223,-0.442539,47.0567,0.5,0.5
1375,2596.87,0.4797,-0.352723,47.0307,0.5,0.5
1376,2597.09,0.468,-0.0930083,47.0005,0.5,0.5
1377,2597.25,0.4022,0.113718,47.0335,0.5,0.5
1378,2597.37,0.3435,0.0905328,47.1078,0.5,0.5
1379,2597.46,0.306,0.0132093,47.1348,0.5,0.5
1380,2597.53,0.2554,0.065309,47.184,0.5,0.5
1381,2597.57,0.2149,0.0298125,47.2292,0.5,0.5
1382,2597.6,0.1707,0.0462985,47.2725,0.5,0.5
1383,2597.62,0.1234,0.0607319,47.3181,0.5,0.5
1384,2597.63,0.099,-0.0237029,47.3408,0.5,0.5
1385,2597.63,0.0496,0.0729992,47.3854,0.5,0.5
1386,2597.63,0.0242,-0.0154826,47.4078,0.5,0.5
1387,2597.63,-0.0743,0.26457,47.4954,0.5,0.5
1388,2597.66,-0.1463,0.16955,47.5632,0.5,0.5
1389,2597.7,-0.203,0.115626,47.5693,0.5,0.5
1390,2597.74,-0.2166,-0.0451309,47.5844,0.5,0.5
1391,2597.8,-0.2443,0.00946469,47.6488,0.5,0.5
1392,2597.87,-0.2588,-0.0391032,47.7107,0.5,0.5
1393,2597.94,-0.2619,-0.0816043,47.7785,0.5,0.5
1394,2598.01,-0.2625,-0.0908803,47.8006,0.5,0.5
1395,2598.07,-0.2418,-0.171939,47.8209,0.5,0.5
1396,2598.08,-0.134,-0.505,47.901,0.5,0.5
1397,2598.09,-0.082,-0.29885,47.931,0.5,0.5
1398,2598.09,-0.0286,-0.307298,47.8149,0.5,0.5
1399,2598.09,-0.0122,-0.169529,47.8313,0.5,0.5
1400,2598.09,-0.0153,-0.096214,47.8409,0.5,0.5
1401,2598.1,-0.0645,0.0796285,47.9281,0.5,0.5
1402,2598.11,-0.11,0.0685099,47.9745,0.5,0.5
1403,2598.14,-0.1635,0.101759,48.0027,0.5,0.5
1404,2598.18,-0.2099,0.0779685,48.0184,0.5,0.5
1405,2598.22,-0.2072,-0.106269,48.0327,0.5,0.5
1406,2598.26,-0.2041,-0.107906,48.0491,0.5,0.5
1407,2598.32,-0.2303,0.00359647,48.1082,0.5,0.5
1408,2598.39,-0.2758,0.0787677,48.1686,0.5,0.5
1409,2598.75,-0.5965,1.13015,48.4457,0.5,0.5
1410,2599.25,-0.7089,0.355942,48.5218,0.5,0.5
1411,2599.82,-0.7539,0.106073,48.3974,0.5,0.5
1412,2600.45,-0.7911,0.0792448,48.2915,0.5,0.5
1413,2601.08,-0.7964,-0.0398711,48.3512,0.5,0.5
1414,2601.68,-0.7751,-0.140713,48.4169,0.5,0.5
1415,2602.22,-0.7337,-0.218396,48.4753,0.5,0.5
1416,2602.73,-0.7173,-0.125458,48.4885,0.5,0.5
1417,2603.18,-0.6708,-0.240962,48.5,0.5,0.5
1418,2603.56,-0.6155,-0.277132,48.5703,0.5,0.5
1419,2603.91,-0.591,-0.16296,48.597,0.5,0.5
1420,2604.23,-0.5637,-0.174963,48.6032,0.5,0.5
1421,2604.47,-0.4919,-0.346028,48.6573,0.5,0.5
1422,2604.66,-0.4299,-0.312895,48.7303,0.5,0.5
1423,2604.84,-0.4232,-0.10582,48.7296,0.5,0.5
1424,2605.02,-0.4314,-0.0493497,48.7415,0.5,0.5
1425,2605.23,-0.4574,0.0190701,48.7824,0.5,0.5
1426,2605.5,-0.5197,0.159058,48.8449,0.5,0.5
1427,2605.83,-0.5735,0.130548,48.8819,0.5,0.5
1428,2606.27,-0.6599,0.258141,48.9007,0.5,0.5
1429,2606.78,-0.7174,0.153388,48.9257,0.5,0.5
1430,2607.33,-0.7444,0.0408117,48.9252,0.5,0.5
1431,2607.94,-0.7815,0.0811002,48.9784,0.5,0.5
1432,2608.56,-0.7815,-0.0578372,48.9974,0.5,0.5
1433,2609.16,-0.7802,-0.0626029,49.0168,0.5,0.5
1434,2609.77,-0.7766,-0.0712576,49.0512,0.5,0.5
1435,2610.37,-0.7746,-0.0651917,49.0684,0.5,0.5
1436,2610.96,-0.7688,-0.0796051,49.1208,0.5,0.5
1437,2611.54,-0.7648,-0.0729116,49.1762,0.5,0.5
1438,2612.13,-0.7646,-0.0584901,49.231,0.5,0.5
1439,2612.72,-0.7701,-0.0366003,49.2872,0.5,0.5
1440,2613.33,-0.7818,-0.0124606,49.3446,0.5,0.5
1441,2613.97,-0.7991,0.00976915,49.4026,0.5,0.5
1442,2614.64,-0.8206,0.0270061,49.46,0.5,0.5
1443,2615.37,-0.852,0.0662196,49.5351,0.5,0.5
1444,2616.12,-0.8675,0.00773278,49.5719,0.5,0.5
1445,2616.89,-0.8746,-0.0231313,49.5891,0.5,0.5
1446,2617.68,-0.888,0.0015108,49.6261,0.5,0.5
1447,2618.46,-0.8846,-0.0614809,49.7007,0.5,0.5
1448,2619.19,-0.8538,-0.165874,49.7562,0.5,0.5
1449,2619.9,-0.8435,-0.0894145,49.7741,0.5,0.5
1450,2620.57,-0.8204,-0.138604,49.8074,0.5,0.5
1451,2621.23,-0.8083,-0.0978857,49.8587,0.5,0.5
1452,2621.88,-0.8097,-0.0469823,49.9045,0.5,0.5
1453,2622.55,-0.8192,-0.0158407,49.9391,0.5,0.5
1454,2623.26,-0.8439,0.0428438,49.9936,0.5,0.5
1455,2624.04,-0.8787,0.0830177,50.0474,0.5,0.5
1456,2624.88,-0.9186,0.104757,50.0962,0.5,0.5
1457,2625.8,-0.9574,0.10319,50.14,0.5,0.5
1458,2626.76,-0.9796,0.042507,50.1676,0.5,0.5
1459,2627.76,-1.0042,0.0532241,50.2113,0.5,0.5
1460,2628.78,-1.0094,-0.0189717,50.2281,0.5,0.5
1461,2629.69,-0.9536,-0.250841,50.2794,0.5,0.5
1462,2630.46,-0.8785,-0.327511,50.3136,0.5,0.5
1463,2631.06,-0.7738,-0.444607,50.3012,0.5,0.5
1464,2631.54,-0.6934,-0.35814,50.2659,0.5,0.5
1465,2632,-0.6749,-0.126963,50.2386,0.5,0.5
1466,2632.42,-0.6492,-0.155349,50.211,0.5,0.5
1467,2632.85,-0.6539,-0.0409101,50.244,0.5,0.5
1468,2633.33,-0.6905,0.0810766,50.2962,0.5,0.5
1469,2633.83,-0.7099,0.017911,50.3142,0.5,0.5
1470,2634.4,-0.7573,0.125937,50.3333,0.5,0.5
1471,2635.09,-0.8273,0.215085,50.3633,0.5,0.5
1472,2635.99,-0.9486,0.414966,50.39,0.5,0.5
1473,2637.04,-1.0269,0.25866,50.389,0.5,0.5
1474,2638.3,-1.1218,0.326874,50.2902,0.5,0.5
1475,2639.7,-1.1824,0.202168,50.2986,0.5,0.5
1476,2641.13,-1.1948,0.0224491,50.2905,0.5,0.5
1477,2642.44,-1.1477,-0.203226,50.3347,0.5,0.5
1478,2643.7,-1.1227,-0.121582,50.3526,0.5,0.5
1479,2644.84,-1.0673,-0.23865,50.3387,0.5,0.5
1480,2645.79,-0.9722,-0.392997,50.3642,0.5,0.5
1481,2646.67,-0.9392,-0.161877,50.3627,0.5,0.5
1482,2647.33,-0.8098,-0.530947,50.2558,0.5,0.5
1483,2647.78,-0.6753,-0.55798,50.2938,0.5,0.5
1484,2648.15,-0.6027,-0.330066,50.2124,0.5,0.5
1485,2648.45,-0.5552,-0.238658,50.1199,0.5,0.5
1486,2648.75,-0.5406,-0.116029,50.1171,0.5,0.5
1487,2649.02,-0.5284,-0.107634,50.165,0.5,0.5
1488,2649.34,-0.5593,0.055979,50.2223,0.5,0.5
1489,2649.67,-0.5784,0.0130139,50.2413,0.5,0.5
1490,2650.03,-0.6004,0.025353,50.2535,0.5,0.5
1491,2650.55,-0.7161,0.383842,50.3132,0.5,0.5
1492,2651.11,-0.751,0.0831161,50.329,0.5,0.5
1493,2651.83,-0.8495,0.32773,50.2287,0.5,0.5
1494,2652.77,-0.9706,0.419979,50.2814,0.5,0.5
1495,2653.77,-0.9972,0.0674392,50.2713,0.5,0.5
1496,2654.87,-1.0505,0.171014,50.1825,0.5,0.5
1497,2656.03,-1.0745,0.0628372,50.2452,0.5,0.5
1498,2657.15,-1.0581,-0.0893928,50.2882,0.5,0.5
1499,2658.21,-1.0302,-0.133945,50.3243,0.5,0.5
1500,2659.2,-0.9943,-0.16586,50.348,0.5,0.5
1501,2660.11,-0.9542,-0.183787,50.3654,0.5,0.5
1502,2660.88,-0.8813,-0.310949,50.389,0.5,0.5
1503,2661.42,-0.7349,-0.595182,50.4252,0.5,0.5
1504,2661.91,-0.699,-0.182793,50.4212,0.5,0.5
1505,2662.36,-0.6675,-0.168023,50.3764,0.5,0.5
1506,2662.73,-0.612,-0.261206,50.3846,0.5,0.5
1507,2663.08,-0.5882,-0.143618,50.3999,0.5,0.5
1508,2663.4,-0.5679,-0.131575,50.4079,0.5,0.5
1509,2663.69,-0.5359,-0.177241,50.4396,0.5,0.5
1510,2663.95,-0.5094,-0.158084,50.4901,0.5,0.5
1511,2664.2,-0.5069,-0.0681122,50.5047,0.5,0.5
1512,2664.47,-0.5118,-0.0399454,50.5355,0.5,0.5
1513,2664.73,-0.5186,-0.0322879,50.5528,0.5,0.5
1514,2665.04,-0.5539,0.076838,50.6038,0.5,0.5
1515,2665.37,-0.5702,0.00670284,50.6207,0.5,0.5
1516,2665.73,-0.6062,0.0828833,50.6447,0.5,0.5
1517,2666.18,-0.6695,0.189217,50.6923,0.5,0.5
1518,2666.73,-0.7383,0.214147,50.7323,0.5,0.5
1519,2667.39,-0.8173,0.257333,50.7519,0.5,0.5
1520,2668.09,-0.832,0.01729,50.7563,0.5,0.5
1521,2668.8,-0.8438,0.00732554,50.7559,0.5,0.5
1522,2669.54,-0.8631,0.0368157,50.7848,0.5,0.5
1523,2670.32,-0.8824,0.0381855,50.833,0.5,0.5
1524,2671.11,-0.8882,-0.0118784,50.8979,0.5,0.5
1525,2671.86,-0.8678,-0.111144,50.9461,0.5,0.5
1526,2672.54,-0.8238,-0.202086,50.9781,0.5,0.5
1527,2673.08,-0.7332,-0.382096,51.0138,0.5,0.5
1528,2673.47,-0.624,-0.458249,51.0339,0.5,0.5
1529,2673.8,-0.572,-0.246731,50.974,0.5,0.5
1530,2674.12,-0.5669,-0.0710263,50.8878,0.5,0.5
1531,2674.47,-0.591,0.0400615,50.9063,0.5,0.5
1532,2674.87,-0.6319,0.105667,50.939,0.5,0.5
1533,2675.34,-0.6844,0.152481,50.9599,0.5,0.5
1534,2675.85,-0.7137,0.0674107,50.9651,0.5,0.5
1535,2676.45,-0.7747,0.190132,50.9652,0.5,0.5
1536,2677.1,-0.8066,0.0831142,50.975,0.5,0.5
1537,2677.96,-0.9289,0.429675,50.982,0.5,0.5
1538,2678.88,-0.9575,0.080246,50.9942,0.5,0.5
1539,2679.88,-1.0037,0.149259,50.9257,0.5,0.5
1540,2680.93,-1.0229,0.0494064,50.9302,0.5,0.5
1541,2682.08,-1.0743,0.173498,50.9832,0.5,0.5
1542,2683.25,-1.0807,0.00539155,50.999,0.5,0.5
1543,2684.43,-1.0837,-0.00691836,51.0219,0.5,0.5
1544,2685.56,-1.0663,-0.0842064,51.0681,0.5,0.5
1545,2686.61,-1.0238,-0.180636,51.0991,0.5,0.5
1546,2687.46,-0.9208,-0.41347,51.1367,0.5,0.5
1547,2688.12,-0.8137,-0.435075,51.1528,0.5,0.5
1548,2688.73,-0.7813,-0.156707,51.1264,0.5,0.5
1549,2689.21,-0.6919,-0.375655,50.9975,0.5,0.5
1550,2689.65,-0.6657,-0.140067,51.0365,0.5,0.5
1551,2690.1,-0.6657,-0.0416574,51.0292,0.5,0.5
1552,2690.55,-0.6767,0.000415056,51.0571,0.5,0.5
1553,2691.03,-0.687,-0.00142706,51.0731,0.5,0.5
1554,2691.54,-0.7151,0.0671806,51.1005,0.5,0.5
1555,2692.07,-0.7325,0.0282754,51.1147,0.5,0.5
1556,2692.64,-0.7515,0.0355957,51.1256,0.5,0.5
1557,2693.24,-0.7721,0.043017,51.1381,0.5,0.5
1558,2693.9,-0.8174,0.138556,51.1654,0.5,0.5
1559,2694.66,-0.8671,0.158246,51.193,0.5,0.5
1560,2695.5,-0.9172,0.162972,51.2077,0.5,0.5
1561,2696.38,-0.9414,0.0675254,51.2139,0.5,0.5
1562,2697.36,-0.9862,0.1477,51.2271,0.5,0.5
1563,2698.37,-1.0073,0.0603328,51.2402,0.5,0.5
1564,2699.46,-1.0445,0.12319,51.2609,0.5,0.5
1565,2700.59,-1.0611,0.0471912,51.275,0.5,0.5
1566,2701.74,-1.0758,0.0412063,51.2878,0.5,0.5
1567,2702.96,-1.1012,0.0831196,51.3176,0.5,0.5
1568,2704.21,-1.1209,0.0631956,51.3479,0.5,0.5
1569,2705.49,-1.1282,0.0174044,51.3622,0.5,0.5
1570,2706.76,-1.1299,-0.00322241,51.3917,0.5,0.5
1571,2708.02,-1.1217,-0.0405702,51.407,0.5,0.5
1572,2709.25,-1.1066,-0.0670856,51.4222,0.5,0.5
1573,2710.38,-1.0644,-0.170987,51.4506,0.5,0.5
1574,2711.41,-1.0179,-0.189658,51.4773,0.5,0.5
1575,2712.4,-0.9949,-0.102674,51.4837,0.5,0.5
1576,2713.35,-0.9729,-0.100011,51.4872,0.5,0.5
1577,2714.22,-0.9301,-0.180355,51.5107,0.5,0.5
1578,2715.04,-0.9096,-0.0977421,51.5239,0.5,0.5
1579,2715.81,-0.8731,-0.159723,51.5397,0.5,0.5
1580,2716.51,-0.8417,-0.14228,51.5665,0.5,0.5
1581,2717.2,-0.8283,-0.0753847,51.5776,0.5,0.5
1582,2717.87,-0.8168,-0.0687537,51.5893,0.5,0.5
1583,2718.52,-0.8067,-0.0639161,51.6035,0.5,0.5
1584,2719.15,-0.7979,-0.0593776,51.6181,0.5,0.5
1585,2719.78,-0.7905,-0.0543819,51.6328,0.5,0.5
1586,2720.39,-0.7844,-0.0496846,51.6475,0.5,0.5
1587,2721,-0.7796,-0.0449105,51.6622,0.5,0.5
1588,2721.6,-0.774,-0.0480607,51.6914,0.5,0.5
1589,2722.2,-0.7733,-0.0295422,51.7205,0.5,0.5
1590,2722.8,-0.7776,-0.0103475,51.7495,0.5,0.5
1591,2723.42,-0.7814,-0.011807,51.7639,0.5,0.5
1592,2724.03,-0.7861,-0.00796133,51.7782,0.5,0.5
1593,2724.66,-0.7917,-0.00406032,51.7924,0.5,0.5
1594,2725.3,-0.7982,-0.000103752,51.8066,0.5,0.5
1595,2725.96,-0.8131,0.0324854,51.8348,0.5,0.5
1596,2726.66,-0.8398,0.0785389,51.8769,0.5,0.5
1597,2727.38,-0.8493,0.0148128,51.8903,0.5,0.5
1598,2728.14,-0.8673,0.0479759,51.9131,0.5,0.5
1599,2728.93,-0.8931,0.0789883,51.954,0.5,0.5
1600,2729.76,-0.9084,0.0407493,51.9803,0.5,0.5
1601,2730.61,-0.9247,0.0456992,52.0161,0.5,0.5
1602,2731.47,-0.9262,-0.0094885,52.0293,0.5,0.5
1603,2732.32,-0.9212,-0.0339424,52.0426,0.5,0.5
1604,2733.1,-0.8808,-0.168905,52.0698,0.5,0.5
1605,2733.81,-0.8466,-0.147504,52.0833,0.5,0.5
1606,2734.47,-0.8114,-0.153171,52.0883,0.5,0.5
1607,2735.08,-0.777,-0.152049,52.0939,0.5,0.5
1608,2735.63,-0.7437,-0.149743,52.1006,0.5,0.5
1609,2736.14,-0.7115,-0.147379,52.108,0.5,0.5
1610,2736.6,-0.6807,-0.143814,52.1162,0.5,0.5
1611,2737.02,-0.6513,-0.140172,52.1252,0.5,0.5
1612,2737.41,-0.6236,-0.135309,52.1349,0.5,0.5
1613,2737.77,-0.5976,-0.130351,52.1452,0.5,0.5
1614,2738.07,-0.551,-0.210264,52.1669,0.5,0.5
1615,2738.35,-0.5307,-0.11273,52.1783,0.5,0.5
1616,2738.6,-0.4985,-0.159167,52.189,0.5,0.5
1617,2738.82,-0.464,-0.169751,52.2388,0.5,0.5
1618,2739.04,-0.4669,-0.0292149,52.2698,0.5,0.5
1619,2739.26,-0.4743,-0.0117821,52.2795,0.5,0.5
1620,2739.49,-0.484,-0.00245894,52.2924,0.5,0.5
1621,2739.74,-0.4958,0.00624305,52.3054,0.5,0.5
1622,2740,-0.5094,0.0139313,52.318,0.5,0.5
1623,2740.31,-0.5602,0.156614,52.3556,0.5,0.5
1624,2740.76,-0.67,0.384613,52.4185,0.5,0.5
1625,2741.24,-0.6935,0.062564,52.4229,0.5,0.5
1626,2741.75,-0.7145,0.0546205,52.3925,0.5,0.5
1627,2742.37,-0.7861,0.248855,52.4285,0.5,0.5
1628,2743,-0.794,0.0106447,52.4409,0.5,0.5
1629,2743.63,-0.7951,-0.0145985,52.4374,0.5,0.5
1630,2744.26,-0.7935,-0.024629,52.4464,0.5,0.5
1631,2744.89,-0.7881,-0.0390139,52.4709,0.5,0.5
1632,2745.47,-0.7635,-0.112307,52.5327,0.5,0.5
1633,2746.04,-0.7572,-0.0438779,52.545,0.5,0.5
1634,2746.61,-0.7511,-0.0433137,52.5541,0.5,0.5
1635,2747.15,-0.7387,-0.0675054,52.5777,0.5,0.5
1636,2747.67,-0.7199,-0.0924606,52.6147,0.5,0.5
1637,2748.16,-0.7032,-0.0854188,52.6502,0.5,0.5
1638,2748.65,-0.6987,-0.0397711,52.6613,0.5,0.5
1639,2749.14,-0.6949,-0.0372074,52.6725,0.5,0.5
1640,2749.61,-0.6915,-0.0357454,52.6847,0.5,0.5
1641,2750.09,-0.6886,-0.0338791,52.6971,0.5,0.5
1642,2750.56,-0.6861,-0.0323645,52.7095,0.5,0.5
1643,2751.02,-0.6825,-0.0365417,52.7342,0.5,0.5
1644,2751.49,-0.6814,-0.0270691,52.7465,0.5,0.5
1645,2751.95,-0.6817,-0.0216375,52.7955,0.5,0.5
1646,2752.42,-0.6829,-0.0180266,52.8077,0.5,0.5
1647,2752.89,-0.6846,-0.0158853,52.8199,0.5,0.5
1648,2753.36,-0.6867,-0.0140945,52.8319,0.5,0.5
1649,2753.83,-0.6828,-0.0366647,52.8441,0.5,0.5
1650,2754.24,-0.6465,-0.160187,52.8683,0.5,0.5
1651,2754.62,-0.6164,-0.138596,52.8803,0.5,0.5
1652,2754.97,-0.5845,-0.147119,52.8865,0.5,0.5
1653,2755.27,-0.5535,-0.145471,52.8935,0.5,0.5
1654,2755.55,-0.5242,-0.140729,52.9008,0.5,0.5
1655,2755.79,-0.4968,-0.135128,52.9085,0.5,0.5
1656,2756.02,-0.4712,-0.129801,52.9168,0.5,0.5
1657,2756.22,-0.4476,-0.12361,52.9258,0.5,0.5
1658,2756.38,-0.4066,-0.191222,52.9449,0.5,0.5
1659,2756.52,-0.3744,-0.160064,52.9652,0.5,0.5
1660,2756.65,-0.3534,-0.11924,52.9761,0.5,0.5
1661,2756.77,-0.3474,-0.0632663,52.984,0.5,0.5
1662,2756.89,-0.3441,-0.0532567,52.9945,0.5,0.5
1663,2757,-0.3448,-0.0381319,53.0185,0.5,0.5
1664,2757.13,-0.3485,-0.0265763,53.0305,0.5,0.5
1665,2757.26,-0.3622,0.0118326,53.0543,0.5,0.5
1666,2757.4,-0.3719,-0.0024961,53.0661,0.5,0.5
1667,2757.54,-0.3832,0.00427387,53.0773,0.5,0.5
1668,2757.7,-0.3959,0.0103809,53.0885,0.5,0.5
1669,2757.88,-0.4254,0.075253,53.1111,0.5,0.5
1670,2758.11,-0.4778,0.164387,53.1446,0.5,0.5
1671,2758.39,-0.5341,0.182518,53.1717,0.5,0.5
1672,2758.7,-0.5519,0.0393433,53.1744,0.5,0.5
1673,2759.02,-0.5682,0.0348327,53.1746,0.5,0.5
1674,2759.36,-0.584,0.0340458,53.1833,0.5,0.5
1675,2759.74,-0.6139,0.0888622,53.2054,0.5,0.5
1676,2760.17,-0.6534,0.127389,53.2388,0.5,0.5
1677,2760.61,-0.6646,0.0220955,53.2485,0.5,0.5
1678,2761.06,-0.674,0.0160712,53.2557,0.5,0.5
1679,2761.55,-0.6956,0.0632842,53.2885,0.5,0.5
1680,2762.04,-0.7046,0.0167433,53.3109,0.5,0.5
1681,2762.54,-0.7073,-0.00654996,53.3418,0.5,0.5
1682,2763.02,-0.6915,-0.076707,53.3749,0.5,0.5
1683,2763.31,-0.5409,-0.591113,53.408,0.5,0.5
1684,2763.44,-0.3606,-0.71322,53.4359,0.5,0.5
1685,2763.48,-0.1981,-0.656172,53.2473,0.5,0.5
1686,2763.49,-0.0804,-0.495215,53.0049,0.5,0.5
1687,2763.49,-0.0547,-0.151744,52.9255,0.5,0.5
1688,2763.49,-0.0262,-0.163947,52.8445,0.5,0.5
1689,2763.49,-0.0216,-0.0745932,52.8514,0.5,0.5
1690,2763.49,-0.0416,0.0188668,52.8908,0.5,0.5
1691,2763.5,-0.0589,0.00979392,52.9046,0.5,0.5
1692,2763.5,-0.0802,0.0260912,52.9136,0.5,0.5
1693,2763.52,-0.1053,0.0418724,52.922,0.5,0.5
1694,2763.56,-0.2001,0.308983,52.9492,0.5,0.5
1695,2763.66,-0.3188,0.405807,52.9779,0.5,0.5
1696,2763.79,-0.3594,0.115454,52.9581,0.5,0.5
1697,2763.96,-0.417,0.18276,52.8329,0.5,0.5
1698,2764.14,-0.4264,0.00267665,52.842,0.5,0.5
1699,2764.33,-0.4281,-0.0259936,52.8543,0.5,0.5
1700,2764.5,-0.4158,-0.0791318,52.8971,0.5,0.5
1701,2764.67,-0.4103,-0.0538633,52.9078,0.5,0.5
1702,2764.83,-0.3983,-0.0788628,52.9238,0.5,0.5
1703,2764.98,-0.3918,-0.0585337,52.9334,0.5,0.5
1704,2765.13,-0.3853,-0.0588312,52.9427,0.5,0.5
1705,2765.27,-0.3788,-0.0591303,52.9529,0.5,0.5
1706,2765.4,-0.3591,-0.109726,52.9851,0.5,0.5
1707,2765.52,-0.3408,-0.105492,53.0182,0.5,0.5
1708,2765.63,-0.3315,-0.0722208,53.0364,0.5,0.5
1709,2765.73,-0.3251,-0.0616518,53.0652,0.5,0.5
1710,2765.83,-0.3183,-0.0634834,53.0761,0.5,0.5
1711,2765.85,-0.144,-0.702032,53.1216,0.5,0.5
1712,2765.85,0.0129,-0.646199,53.1554,0.5,0.5
1713,2765.86,0.0599,-0.236908,53.1077,0.5,0.5
1714,2765.89,0.1678,-0.471798,52.8662,0.5,0.5
1715,2765.92,0.1928,-0.162469,52.8503,0.5,0.5
1716,2765.97,0.2186,-0.167069,52.7232,0.5,0.5
1717,2766.01,0.2069,-0.025792,52.7313,0.5,0.5
1718,2766.05,0.1889,-0.0011323,52.7449,0.5,0.5
1719,2766.08,0.1661,0.0181958,52.7573,0.5,0.5
1720,2766.08,0.0715,0.293105,52.7875,0.5,0.5
1721,2766.08,-0.0563,0.425286,52.8188,0.5,0.5
1722,2766.11,-0.1494,0.300783,52.7738,0.5,0.5
1723,2766.15,-0.1948,0.124679,52.732,0.5,0.5
1724,2766.22,-0.2811,0.283299,52.6881,0.5,0.5
1725,2766.33,-0.3225,0.117486,52.6923,0.5,0.5
1726,2766.49,-0.3978,0.249224,52.6789,0.5,0.5
1727,2766.67,-0.4322,0.0980169,52.6865,0.5,0.5
1728,2766.91,-0.4914,0.194687,52.6884,0.5,0.5
1729,2767.23,-0.5597,0.233044,52.7223,0.5,0.5
1730,2767.56,-0.5764,0.0406845,52.7296,0.5,0.5
1731,2767.91,-0.5889,0.0258258,52.7326,0.5,0.5
1732,2768.27,-0.5986,0.0160515,52.7436,0.5,0.5
1733,2768.64,-0.6101,0.0236379,52.7679,0.5,0.5
1734,2769.01,-0.6121,-0.0117202,52.7801,0.5,0.5
1735,2769.39,-0.6116,-0.0209784,52.7928,0.5,0.5
1736,2769.76,-0.6089,-0.0292443,52.8048,0.5,0.5
1737,2770.12,-0.6043,-0.0365003,52.8165,0.5,0.5
1738,2770.47,-0.5895,-0.0754968,52.8392,0.5,0.5
1739,2770.8,-0.5782,-0.062911,52.8508,0.5,0.5
1740,2771.13,-0.5693,-0.0543084,52.8611,0.5,0.5
1741,2771.35,-0.4676,-0.408298,52.8824,0.5,0.5
1742,2771.51,-0.4006,-0.282097,52.8936,0.5,0.5
1743,2771.62,-0.3354,-0.279179,52.8642,0.5,0.5
1744,2771.64,-0.152,-0.733396,52.8265,0.5,0.5
1745,2771.65,0.0514,-0.820612,52.8139,0.5,0.5
1746,2771.65,0.0909,-0.208379,52.7597,0.5,0.5
1747,2771.67,0.1238,-0.185633,52.6761,0.5,0.5
1748,2771.69,0.152,-0.169736,52.6477,0.5,0.5
1749,2771.72,0.1757,-0.154326,52.6576,0.5,0.5
1750,2771.77,0.2097,-0.195041,52.6825,0.5,0.5
1751,2771.82,0.2199,-0.106456,52.6952,0.5,0.5
1752,2771.87,0.2253,-0.0888337,52.706,0.5,0.5
1753,2771.92,0.2235,-0.0617794,52.7328,0.5,0.5
1754,2771.96,0.2201,-0.0556282,52.7461,0.5,0.5
1755,2772.02,0.24,-0.144255,52.7593,0.5,0.5
1756,2772.13,0.331,-0.416419,52.7848,0.5,0.5
1757,2772.27,0.3784,-0.255854,52.7956,0.5,0.5
1758,2772.45,0.4195,-0.234796,52.7693,0.5,0.5
1759,2772.71,0.5093,-0.422931,52.7663,0.5,0.5
1760,2772.99,0.5278,-0.156793,52.7707,0.5,0.5
1761,2773.28,0.5422,-0.142412,52.7185,0.5,0.5
1762,2773.57,0.5396,-0.0786353,52.7252,0.5,0.5
1763,2773.86,0.5313,-0.0568898,52.738,0.5,0.5
1764,2774.12,0.5177,-0.036323,52.7521,0.5,0.5
1765,2774.37,0.4993,-0.0173388,52.7656,0.5,0.5
1766,2774.58,0.449,0.105196,52.7913,0.5,0.5
1767,2774.69,0.344,0.316539,52.8281,0.5,0.5
1768,2774.79,0.3029,0.0793071,52.8349,0.5,0.5
1769,2774.83,0.2205,0.239073,52.7852,0.5,0.5
1770,2774.87,0.1785,0.0900504,52.7864,0.5,0.5
1771,2774.88,0.137,0.0906325,52.7827,0.5,0.5
1772,2774.88,0.0116,0.412779,52.8096,0.5,0.5
1773,2774.89,-0.0284,0.0949355,52.82,0.5,0.5
1774,2774.89,-0.0223,-0.0783001,52.7549,0.5,0.5
1775,2774.89,0.029,-0.250885,52.7568,0.5,0.5
1776,2774.94,0.2382,-0.855619,52.7792,0.5,0.5
1777,2775.03,0.2893,-0.26588,52.7668,0.5,0.5
1778,2775.14,0.3377,-0.25874,52.7288,0.5,0.5
1779,2775.32,0.4267,-0.416432,52.6378,0.5,0.5
1780,2775.54,0.4668,-0.235575,52.6302,0.5,0.5
1781,2775.83,0.5328,-0.336788,52.5634,0.5,0.5
1782,2776.14,0.5592,-0.190006,52.5592,0.5,0.5
1783,2776.51,0.6063,-0.270603,52.5298,0.5,0.5
1784,2776.88,0.6119,-0.115461,52.5485,0.5,0.5
1785,2777.27,0.6222,-0.133853,52.5553,0.5,0.5
1786,2777.76,0.7037,-0.405912,52.5948,0.5,0.5
1787,2778.3,0.7325,-0.210191,52.6076,0.5,0.5
1788,2778.87,0.7543,-0.18543,52.5868,0.5,0.5
1789,2779.48,0.7809,-0.205213,52.5976,0.5,0.5
1790,2780.1,0.7859,-0.124702,52.6078,0.5,0.5
1791,2780.71,0.7852,-0.103473,52.6166,0.5,0.5
1792,2781.25,0.7316,0.0979423,52.6672,0.5,0.5
1793,2781.75,0.7061,-0.00607219,52.6799,0.5,0.5
1794,2782.12,0.6135,0.250962,52.6968,0.5,0.5
1795,2782.46,0.5775,0.040733,52.707,0.5,0.5
1796,2782.71,0.5049,0.182218,52.6852,0.5,0.5
1797,2782.86,0.3897,0.348786,52.7137,0.5,0.5
1798,2782.94,0.2759,0.350298,52.7238,0.5,0.5
1799,2783,0.242,0.052649,52.7055,0.5,0.5
1800,2783.04,0.2115,0.0416782,52.6836,0.5,0.5
1801,2783.06,0.129,0.241597,52.7127,0.5,0.5
1802,2783.07,0.1067,0.0171596,52.7248,0.5,0.5
1803,2783.21,0.3681,-1.06249,52.7266,0.5,0.5
1804,2783.44,0.4804,-0.510216,52.737,0.5,0.5
1805,2784.1,0.8162,-1.36868,52.507,0.5,0.5
1806,2784.96,0.9252,-0.524947,52.3661,0.5,0.5
1807,2786.25,1.1351,-0.916188,52.2024,0.5,0.5
1808,2787.77,1.2341,-0.50655,52.0732,0.5,0.5
1809,2790.25,1.5763,-1.43946,51.7039,0.5,0.5
1810,2792.96,1.6452,-0.419114,51.6258,0.5,0.5
1811,2796.05,1.7583,-0.592072,51.4621,0.5,0.5
1812,2799.54,1.8663,-0.579875,51.386,0.5,0.5
1813,2803.08,1.8837,-0.241621,51.3476,0.5,0.5
1814,2806.66,1.8904,-0.202351,51.3054,0.5,0.5
1815,2810.27,1.9012,-0.218831,51.3322,0.5,0.5
1816,2813.96,1.9197,-0.249276,51.3507,0.5,0.5
1817,2817.8,1.9601,-0.334296,51.3866,0.5,0.5
1818,2821.67,1.9683,-0.21451,51.4156,0.5,0.5
1819,2825.45,1.942,-0.0840233,51.4217,0.5,0.5
1820,2829.12,1.9165,-0.0859533,51.4356,0.5,0.5
1821,2832.36,1.7997,0.262998,51.4878,0.5,0.5
1822,2834.79,1.5584,0.743977,51.5541,0.5,0.5
1823,2836.44,1.2872,0.872065,51.496,0.5,0.5
1824,2838.02,1.2562,-0.0271266,51.4522,0.5,0.5
1825,2839.69,1.2924,-0.281609,51.2697,0.5,0.5
1826,2841.44,1.3224,-0.260476,51.2249,0.5,0.5
1827,2843.33,1.3744,-0.346426,51.1721,0.5,0.5
1828,2845.37,1.4287,-0.358652,51.1245,0.5,0.5
1829,2847.44,1.4387,-0.193472,51.1015,0.5,0.5
1830,2849.52,1.4439,-0.176131,51.0762,0.5,0.5
1831,2851.59,1.4356,-0.125352,51.0954,0.5,0.5
1832,2853.46,1.3676,0.102274,51.1429,0.5,0.5
1833,2855.25,1.3404,-0.0494152,51.1574,0.5,0.5
1834,2856.73,1.2157,0.3234,51.1906,0.5,0.5
1835,2858.04,1.1435,0.130583,51.2203,0.5,0.5
1836,2859.12,1.0411,0.249727,51.159,0.5,0.5
1837,2860.08,0.9803,0.0971394,51.1762,0.5,0.5
1838,2860.99,0.953,-0.0270763,51.1777,0.5,0.5
1839,2861.85,0.9273,-0.0317568,51.1893,0.5,0.5
1840,2862.62,0.8784,0.0579664,51.2164,0.5,0.5
1841,2863.38,0.8714,-0.0989478,51.2301,0.5,0.5
1842,2864.26,0.9349,-0.367357,51.2597,0.5,0.5
1843,2865.57,1.1464,-0.935322,51.2912,0.5,0.5
1844,2867.21,1.2803,-0.652664,51.234,0.5,0.5
1845,2869.01,1.342,-0.385938,51.1942,0.5,0.5
1846,2871.37,1.5346,-0.888737,50.8606,0.5,0.5
1847,2873.82,1.5671,-0.290688,50.8346,0.5,0.5
1848,2876.43,1.615,-0.3517,50.5894,0.5,0.5
1849,2879.01,1.6077,-0.144647,50.5788,0.5,0.5
1850,2881.55,1.5926,-0.114874,50.5865,0.5,0.5
1851,2883.83,1.5094,0.145131,50.645,0.5,0.5
1852,2885.86,1.424,0.158163,50.685,0.5,0.5
1853,2887.75,1.3751,0.0238922,50.687,0.5,0.5
1854,2889.36,1.2695,0.242549,50.679,0.5,0.5
1855,2890.83,1.2124,0.0638086,50.6898,0.5,0.5
1856,2892.04,1.0994,0.27995,50.6754,0.5,0.5
1857,2893.04,1.0008,0.231626,50.7139,0.5,0.5
1858,2894,0.9782,-0.0522532,50.7084,0.5,0.5
1859,2894.81,0.9021,0.152721,50.7144,0.5,0.5
1860,2895.59,0.8861,-0.0719064,50.7246,0.5,0.5
1861,2896.33,0.8596,-0.0311477,50.749,0.5,0.5
1862,2897.01,0.8242,0.00415349,50.7823,0.5,0.5
1863,2897.67,0.8129,-0.0857386,50.7966,0.5,0.5
1864,2898.3,0.7925,-0.0505798,50.8285,0.5,0.5
1865,2898.91,0.7825,-0.0891676,50.8425,0.5,0.5
1866,2899.51,0.7727,-0.0895151,50.8568,0.5,0.5
1867,2900.15,0.7998,-0.229708,50.8827,0.5,0.5
1868,2900.86,0.8396,-0.279923,50.8959,0.5,0.5
1869,2901.81,0.9787,-0.660878,50.8974,0.5,0.5
1870,2903.14,1.1501,-0.792563,50.8888,0.5,0.5
1871,2904.54,1.1839,-0.278876,50.7701,0.5,0.5
1872,2905.95,1.1874,-0.165746,50.6113,0.5,0.5
1873,2907.34,1.1787,-0.119756,50.5937,0.5,0.5
1874,2908.65,1.1444,-0.0219731,50.63,0.5,0.5
1875,2909.83,1.0891,0.0598335,50.6686,0.5,0.5
1876,2910.43,0.7709,1.06462,50.7848,0.5,0.5
1877,2910.85,0.6531,0.320027,50.8109,0.5,0.5
1878,2911.14,0.5347,0.329252,50.6925,0.5,0.5
1879,2911.28,0.3689,0.516862,50.5599,0.5,0.5
1880,2911.33,0.2299,0.424647,50.5302,0.5,0.5
1881,2911.35,0.1383,0.25236,50.4065,0.5,0.5
1882,2911.36,0.1239,-0.0363062,50.3739,0.5,0.5
1883,2911.39,0.171,-0.269798,50.3991,0.5,0.5
1884,2911.47,0.2744,-0.487193,50.4198,0.5,0.5
1885,2911.85,0.6155,-1.39918,50.3215,0.5,0.5
1886,2912.73,0.9404,-1.35815,50.0086,0.5,0.5
1887,2913.61,0.9397,-0.137335,49.8522,0.5,0.5
1888,2914.43,0.9009,0.00765175,49.6507,0.5,0.5
1889,2914.43,-0.0084,3.32659,49.9251,0.5,0.5
1890,2917.98,-1.885,7.06701,50.2307,0.5,0.5
1891,2926.42,-2.905,3.91666,49.1387,0.5,0.5
1892,2935.03,-2.9346,0.205138,48.2998,0.5,0.5
1893,2942.24,-2.6849,-0.856575,48.0373,0.5,0.5
1894,2948.14,-2.4285,-0.896501,48.0867,0.5,0.5
1895,2951.96,-1.9557,-1.7359,47.9417,0.5,0.5
1896,2953.49,-1.2378,-2.6978,47.6131,0.5,0.5
1897,2953.71,0.4668,-6.50031,46.7552,0.5,0.5
1898,2957.14,1.8525,-5.38803,45.8782,0.5,0.5
1899,2959.18,1.4289,1.42192,44.371,0.5,0.5
1900,3030.33,-8.4346,37.4154,41.1166,0.5,0.5
1901,3120.87,-9.5154,4.54739,40.6629,0.5,0.5
1902,3218.37,-9.8744,1.86455,40.5226,0.5,0.5
1903,3330.53,-10.5905,3.24918,40.2588,0.5,0.5
1,180.276,-13.4267,42.7999,39.4265,0.5,0.5
1,199.612,-14.1284,45.0367,39.2746,0.5,0.5
step:,cumulative_err:,CTE:,Steering:,Speed:,throttle:,sim_throttle:
1,0.577448,0.7599,-2.42231,6.785,0.5,0
2,1.1549,0.7599,-0.102237,0.4175,0.5,0
3,1.73189,0.7596,-0.101486,1.2014,0.5,0.5
4,2.30858,0.7594,-0.101969,1.5402,0.5,0.5
5,2.88451,0.7589,-0.101191,0.6227,0.5,0.5
6,3.45907,0.758,-0.100054,0.8163,0.5,0.5
7,4.03242,0.7572,-0.100457,0.9237,0.5,0.5
8,4.59507,0.7501,-0.0804713,2.0229,0.5,0.5
9,5.13368,0.7339,-0.0507127,3.7077,0.5,0.5
10,5.65107,0.7193,-0.0538359,4.8376,0.5,0.5
11,6.16387,0.7161,-0.0884092,5.0603,0.5,0.5
12,6.6571,0.7023,-0.0543836,5.9427,0.5,0.5
13,7.13403,0.6906,-0.0594144,6.4862,0.5,0.5
14,7.60407,0.6856,-0.0793873,6.7024,0.5,0.5
15,8.02398,0.648,0.025017,8.086,0.5,0.5
